0                  28.1527           33.7483
1                  25.3702           29.5367
2                  22.5159           26.5126
3                  20.4902           23.8506
4                  17.3523           21.3148
5                  15.6489           18.4653
6                  14.2827           16.8322
7                  13.5297           15.1918
8                  12.8175           14.2052
9                  11.8008           13.3467
10                  11.2331           12.5509
11                  11.0489           12.2439
12                  11.0301           11.9867
13                  10.7621           11.7355
14                  10.4696           11.5177
15                  10.4231           10.9669
16                  10.4231           11.0615
17                  10.1499           10.8017
18                  10.1132           10.6811
19                  10.1075            10.465
20                  10.1007           10.4456
21                  9.76276           10.3685
22                  9.50711           10.3598
23                  9.25089            10.002
24                  9.22951           9.76054
25                  9.18808           9.71785
26                  8.75502           9.66381
27                  8.03216           9.20913
28                  7.78631           8.65699
29                  6.61029           8.14625
30                  6.61029           7.37682
31                  6.61029           6.93753
32                  6.56787           6.92707
33                  6.56167           6.88642
34                  6.31565           6.74461
35                  6.30945            6.6671
36                  6.30185           6.68197
37                  6.22977           6.63148
38                  6.22217           6.47109
39                  6.22217           6.45954
40                  6.22217           6.48538
41                  6.22217             6.479
42                  6.22217           6.44231
43                  6.22217           6.51441
44                  6.22217           6.38484
45                  6.22217           6.56552
46                  6.22217           6.60638
47                  6.22217            6.4089
48                  6.22217           6.46422
49                  6.22217           6.46711
50                  6.22217           6.42097
51                  6.22217           6.44272
52                  6.22217           6.58389
53                  6.22217           6.52792
54                  6.22217            6.5803
55                  6.22217           6.52013
56                  6.22217           6.46944
57                  6.22217           6.54391
58                  6.22217           6.60967
59                  6.22217           6.51279
60                  6.22217           6.51284
61                  6.22217           6.59982
62                  6.22217           6.45577
63                  6.22217           6.44095
64                  6.22217           6.55014
65                  6.22217           6.50097
66                  6.22217           6.39532
67                  6.22217           6.41666
68                  6.22217           6.52693
69                  6.22217            6.5394
70                  6.22217           6.52313
71                  6.22217           6.53398
72                  6.22217           6.59295
73                  6.22217           6.50981
74                  6.22217           6.58078
75                  6.22217           6.47655
76                  6.22217           6.37688
77                  6.22217           6.41895
78                  6.22217           6.61756
79                  6.22217           6.55456
80                  6.22217           6.65599
81                  6.22217           6.49171
82                  6.22217           6.64366
83                  6.22217           6.59269
84                  6.22217           6.59241
85                  6.22217           6.57844
86                  6.22217           6.53698
87                  6.22217           6.50814
88                  6.22217           6.44495
89                  6.22217           6.50924
90                  6.22217           6.46532
91                  6.22217           6.50331
92                  6.22217           6.54054
93                  6.22217           6.52821
94                  6.22217           6.47909
95                  6.22217           6.47784
96                  6.22217           6.50636
97                  6.22217           6.46395
98                  6.22217           6.59928
99                  6.22217           6.54802
100                  6.22217           6.45896
101                  6.22217           6.56936
102                  6.22217           6.56084
103                  6.22217           6.49276
104                  6.22217           6.39341
105                  6.22217           6.46563
106                  6.22217           6.34287
107                  6.22217            6.5014
108                  6.22217           6.57492
109                  6.22217           6.55019
110                  6.22217             6.457
111                  6.22217           6.41749
112                  6.22217           6.55481
113                  6.22217           6.42526
114                  6.22217           6.46345
115                  6.22217           6.56729
116                  6.22217           6.50138
117                  6.22217           6.58284
118                  6.22217           6.62351
119                  6.22217           6.56005
120                  6.22217           6.51432
121                  6.22217           6.47313
122                  6.22217           6.47073
123                  6.22217           6.51888
124                  6.22217           6.42624
125                  6.22217           6.55229
126                  6.22217           6.53298
127                  6.22217           6.49999
128                  6.22217           6.51152
129                  6.22217           6.53033
130                  6.22217           6.48118
131                  6.22217           6.50421
132                  6.22217           6.43141
133                  6.22217           6.41441
134                  6.22217           6.45848
135                  6.22217           6.64378
136                  6.22217           6.57259
137                  6.22217           6.58321
138                  6.22217           6.59453
139                  6.22217           6.58868
140                  6.22217           6.64959
141                  6.22217           6.46682
142                  6.22217           6.43212
143                  6.22217           6.44152
144                  6.22217           6.43904
145                  6.22217           6.43916
146                  6.22217           6.44798
147                  6.22217           6.53055
148                  6.22217           6.44281
149                  6.22217           6.45003
150                  6.22217           6.53515
151                  6.22217            6.4442
152                  6.22217           6.41235
153                  6.22217           6.51363
154                  6.22217           6.40165
155                  6.22217           6.42285
156                  6.22217           6.44624
157                  6.22217           6.45291
158                  6.22217           6.58696
159                  6.22217           6.47703
160                  6.22217           6.54499
161                  6.22217           6.53098
162                  6.22217            6.5644
163                  6.22217           6.37691
164                  6.22217           6.61312
165                  6.22217           6.52846
166                  6.22217           6.49813
167                  6.22217           6.55792
168                  6.22217           6.55626
169                  6.22217           6.53621
170                  6.22217           6.49078
171                  6.22217           6.47915
172                  6.22217           6.46235
173                  6.22217           6.60512
174                  6.22217           6.45244
175                  6.22217           6.47438
176                  6.22217           6.53029
177                  6.22217           6.34522
178                  6.22217           6.46266
179                  6.22217           6.69192
180                  6.22217           6.46731
181                  6.22217           6.61649
182                  6.22217           6.57484
183                  6.22217           6.47893
184                  6.22217           6.56703
185                  6.22217           6.54432
186                  6.22217           6.47192
187                  6.22217            6.5522
188                  6.22217           6.45643
189                  6.22217           6.69816
190                  6.22217           6.58881
191                  6.22217           6.56553
192                  6.22217           6.50849
193                  6.22217           6.67008
194                  6.22217           6.49509
195                  6.22217            6.3993
196                  6.22217           6.38948
197                  6.22217           6.50234
198                  6.22217           6.50219
199                  6.22217           6.61597
200                  6.22217            6.7188
201                  6.22217           6.51613
202                  6.22217           6.49981
203                  6.22217           6.34145
204                  6.22217           6.46773
205                  6.22217           6.54511
206                  6.22217           6.41752
207                  6.22217           6.44404
208                  6.22217           6.52773
209                  6.22217           6.45573
210                  6.22217           6.41884
211                  6.22217           6.57467
212                  6.22217           6.50506
213                  6.22217           6.48037
214                  6.22217           6.43161
215                  6.22217           6.41223
216                  6.22217           6.55313
217                  6.22217           6.59115
218                  6.22217           6.53685
219                  6.22217           6.52282
220                  6.22217           6.65655
221                  6.22217             6.552
222                  6.22217           6.47832
223                  6.22217           6.53047
224                  6.22217           6.71185
225                  6.22217           6.48007
226                  6.22217           6.51641
227                  6.22217           6.48236
228                  6.22217           6.50249
229                  6.22217             6.485
230                  6.22217           6.46611
231                  6.22217           6.51058
232                  6.22217           6.58996
233                  6.22217           6.55116
234                  6.22217           6.38448
235                  6.22217           6.55938
236                  6.22217           6.48287
237                  6.22217           6.49689
238                  6.22217           6.56579
239                  6.22217           6.41388
240                  6.22217           6.47548
241                  6.22217           6.68031
242                  6.22217           6.61975
243                  6.22217           6.48518
244                  6.22217           6.52125
245                  6.22217           6.55636
246                  6.22217           6.46565
247                  6.22217           6.51851
248                  6.22217           6.46686
249                  6.22217           6.56089
250                  6.22217           6.54428
251                  6.22217           6.42346
252                  6.22217           6.47735
253                  6.22217           6.52961
254                  6.22217           6.46435
255                  6.22217           6.42548
256                  6.22217           6.48827
257                  6.22217           6.49491
258                  6.22217           6.52881
259                  6.22217           6.64291
260                  6.22217           6.55119
261                  6.22217           6.42752
262                  6.22217            6.5074
263                  6.22217           6.48154
264                  6.22217           6.44002
265                  6.22217           6.49126
266                  6.22217           6.48153
267                  6.22217            6.5088
268                  6.22217            6.4949
269                  6.22217           6.44087
270                  6.22217           6.49728
271                  6.22217           6.43877
272                  6.22217           6.67416
273                  6.22217           6.62247
274                  6.22217           6.56781
275                  6.22217           6.46797
276                  6.22217           6.47882
277                  6.22217           6.63294
278                  6.22217           6.50144
279                  6.22217           6.42216
280                  6.22217           6.41547
281                  6.22217           6.42328
282                  6.22217           6.64867
283                  6.22217           6.51329
284                  6.22217           6.63343
285                  6.22217           6.62449
286                  6.22217           6.51383
287                  6.22217           6.40332
288                  6.22217           6.42528
289                  6.22217           6.47446
290                  6.22217           6.38403
291                  6.22217           6.49711
292                  6.22217           6.60769
293                  6.22217           6.64536
294                  6.22217           6.47565
295                  6.22217           6.59514
296                  6.22217           6.38698
297                  6.22217           6.48873
298                  6.22217           6.47478
299                  6.22217           6.43583
300                  6.22217            6.3484
301                  6.22217           6.46637
302                  6.22217           6.50706
303                  6.22217           6.40099
304                  6.22217           6.54511
305                  6.22217           6.46755
306                  6.22217           6.44618
307                  6.22217           6.63587
308                  6.22217           6.45537
309                  6.22217           6.39005
310                  6.22217           6.44703
311                  6.22217           6.53103
312                  6.22217           6.46959
313                  6.22217           6.48612
314                  6.22217           6.39486
315                  6.22217           6.46864
316                  6.22217            6.6301
317                  6.22217           6.45661
318                  6.22217           6.45798
319                  6.22217           6.43643
320                  6.22217           6.66639
321                  6.22217           6.58391
322                  6.22217           6.53079
323                  6.22217           6.50888
324                  6.22217           6.45415
325                  6.22217           6.39462
326                  6.22217            6.5845
327                  6.22217           6.57626
328                  6.22217           6.49948
329                  6.22217           6.42086
330                  6.22217           6.50113
331                  6.22217            6.4712
332                  6.22217           6.59978
333                  6.22217           6.51552
334                  6.22217            6.4277
335                  6.22217           6.59918
336                  6.22217            6.4955
337                  6.22217            6.4009
338                  6.22217           6.46303
339                  6.22217            6.5103
340                  6.22217            6.4563
341                  6.22217           6.46659
342                  6.22217           6.54748
343                  6.22217           6.66669
344                  6.22217           6.64656
345                  6.22217           6.54896
346                  6.22217           6.43587
347                  6.22217           6.42656
348                  6.22217           6.52522
349                  6.22217           6.55592
350                  6.22217           6.46671
351                  6.22217           6.55582
352                  6.22217           6.59314
353                  6.22217           6.58067
354                  6.22217           6.56243
355                  6.22217           6.45413
356                  6.22217           6.48025
357                  6.22217           6.46632
358                  6.22217           6.66813
359                  6.22217           6.48634
360                  6.22217           6.47777
361                  6.22217           6.50397
362                  6.22217           6.41783
363                  6.22217           6.39005
364                  6.22217           6.44549
365                  6.22217           6.48913
366                  6.22217            6.4154
367                  6.22217           6.50412
368                  6.22217           6.65783
369                  6.22217           6.53524
370                  6.22217           6.57346
371                  6.22217           6.61094
372                  6.22217           6.60517
373                  6.22217            6.4378
374                  6.22217           6.42054
375                  6.22217           6.45645
376                  6.22217           6.54538
377                  6.22217           6.42146
378                  6.22217            6.5895
379                  6.22217           6.48284
380                  6.22217           6.50669
381                  6.22217           6.47871
382                  6.22217           6.50969
383                  6.22217           6.45568
384                  6.22217           6.46351
385                  6.22217            6.4315
386                  6.22217           6.56015
387                  6.22217           6.69349
388                  6.22217           6.62286
389                  6.22217           6.54938
390                  6.22217           6.44885
391                  6.22217           6.66252
392                  6.22217           6.49932
393                  6.22217            6.5354
394                  6.22217           6.53774
395                  6.22217           6.50731
396                  6.22217           6.45116
397                  6.22217           6.46637
398                  6.22217            6.6024
399                  6.22217           6.57524
400                  6.22217           6.41022
401                  6.22217           6.48114
402                  6.22217           6.56247
403                  6.22217            6.4156
404                  6.22217           6.52921
405                  6.22217           6.45373
406                  6.22217           6.54376
407                  6.22217           6.47284
408                  6.22217           6.59899
409                  6.22217           6.51165
410                  6.22217           6.62621
411                  6.22217           6.58067
412                  6.22217           6.52953
413                  6.22217           6.47216
414                  6.22217           6.64546
415                  6.22217           6.56582
416                  6.22217           6.54758
417                  6.22217           6.48479
418                  6.22217           6.52657
419                  6.22217           6.47529
420                  6.22217           6.39797
421                  6.22217             6.603
422                  6.22217           6.55845
423                  6.22217           6.45788
424                  6.22217           6.56372
425                  6.22217           6.54284
426                  6.22217           6.48603
427                  6.22217             6.471
428                  6.22217           6.37801
429                  6.22217           6.39328
430                  6.22217           6.46679
431                  6.22217           6.62069
432                  6.22217           6.48017
433                  6.22217           6.53602
434                  6.22217           6.60229
435                  6.22217           6.49451
436                  6.22217           6.44756
437                  6.22217             6.545
438                  6.22217           6.59984
439                  6.22217           6.52046
440                  6.22217           6.56962
441                  6.22217           6.52722
442                  6.22217           6.37415
443                  6.22217           6.65033
444                  6.22217            6.5338
445                  6.22217           6.54198
446                  6.22217           6.45281
447                  6.22217           6.44354
448                  6.22217           6.42177
449                  6.22217           6.48352
450                  6.22217           6.64155
451                  6.22217           6.53408
452                  6.22217           6.49858
453                  6.22217           6.39342
454                  6.22217           6.51059
455                  6.22217           6.62641
456                  6.22217           6.49114
457                  6.22217              6.41
458                  6.22217            6.4149
459                  6.22217           6.51907
460                  6.22217            6.5528
461                  6.22217           6.63662
462                  6.22217           6.57782
463                  6.22217           6.72444
464                  6.22217           6.61732
465                  6.22217           6.56349
466                  6.22217           6.49991
467                  6.22217           6.58841
468                  6.22217           6.45555
469                  6.22217           6.58615
470                  6.22217           6.51847
471                  6.22217           6.56644
472                  6.22217           6.56051
473                  6.22217           6.49697
474                  6.22217            6.4351
475                  6.22217           6.49598
476                  6.22217           6.44107
477                  6.22217           6.50062
478                  6.22217           6.52372
479                  6.22217           6.46271
480                  6.22217           6.49154
481                  6.22217           6.46319
482                  6.22217           6.58062
483                  6.22217           6.59899
484                  6.22217           6.63401
485                  6.22217            6.5863
486                  6.22217           6.59448
487                  6.22217            6.5682
488                  6.22217           6.62445
489                  6.22217           6.51198
490                  6.22217           6.53755
491                  6.22217           6.54552
492                  6.22217           6.65304
493                  6.22217           6.59037
494                  6.22217           6.50181
495                  6.22217             6.453
496                  6.22217           6.41958
497                  6.22217           6.52617
498                  6.22217           6.55009
499                  6.22217            6.6503
500                  6.22217           6.47352
501                  6.22217            6.5303
502                  6.22217           6.46791
503                  6.22217           6.49578
504                  6.22217           6.58788
505                  6.22217            6.4174
506                  6.22217           6.39192
507                  6.22217           6.53479
508                  6.22217           6.46622
509                  6.22217           6.57098
510                  6.22217           6.55623
511                  6.22217           6.42348
512                  6.22217           6.46003
513                  6.22217           6.45798
514                  6.22217           6.46965
515                  6.22217           6.51287
516                  6.22217           6.67279
517                  6.22217           6.49938
518                  6.22217           6.43641
519                  6.22217           6.54519
520                  6.22217           6.41313
521                  6.22217           6.40859
522                  6.22217           6.33423
523                  6.22217           6.42475
524                  6.22217           6.48433
525                  6.22217           6.59566
526                  6.22217           6.51188
527                  6.22217           6.74153
528                  6.22217             6.622
529                  6.22217           6.40166
530                  6.22217           6.51181
531                  6.22217           6.49069
532                  6.22217           6.44692
533                  6.22217           6.43207
534                  6.22217           6.53015
535                  6.22217           6.38351
536                  6.22217           6.43039
537                  6.22217           6.59649
538                  6.22217           6.47661
539                  6.22217           6.50626
540                  6.22217           6.44878
541                  6.22217            6.5214
542                  6.22217           6.49864
543                  6.22217           6.48975
544                  6.22217           6.38982
545                  6.22217           6.50649
546                  6.22217           6.58216
547                  6.22217           6.70629
548                  6.22217           6.49125
549                  6.22217           6.49598
550                  6.22217            6.5189
551                  6.22217           6.46293
552                  6.22217           6.49856
553                  6.22217           6.37636
554                  6.22217           6.40135
555                  6.22217           6.49533
556                  6.22217           6.48191
557                  6.22217           6.47419
558                  6.22217           6.51178
559                  6.22217           6.65134
560                  6.22217           6.58496
561                  6.22217           6.42742
562                  6.22217           6.42137
563                  6.22217           6.38993
564                  6.22217            6.4132
565                  6.22217            6.4751
566                  6.22217           6.51108
567                  6.22217           6.48995
568                  6.22217           6.49621
569                  6.22217           6.62529
570                  6.22217           6.47295
571                  6.22217           6.46401
572                  6.22217           6.56579
573                  6.22217            6.5504
574                  6.22217           6.57467
575                  6.22217           6.47029
576                  6.22217           6.60033
577                  6.22217           6.35946
578                  6.22217           6.41329
579                  6.22217           6.48187
580                  6.22217           6.45079
581                  6.22217           6.48336
582                  6.22217           6.50503
583                  6.22217           6.51543
584                  6.22217            6.6343
585                  6.22217           6.53368
586                  6.22217           6.42578
587                  6.22217            6.5855
588                  6.22217           6.51759
589                  6.22217           6.53242
590                  6.22217           6.36677
591                  6.22217           6.38503
592                  6.22217           6.40459
593                  6.22217           6.59572
594                  6.22217           6.61444
595                  6.22217           6.58766
596                  6.22217           6.43321
597                  6.22217           6.56077
598                  6.22217           6.39579
599                  6.22217            6.5073
600                  6.22217           6.38249
601                  6.22217           6.46177
602                  6.22217           6.38393
603                  6.22217           6.62106
604                  6.22217            6.5538
605                  6.22217           6.48395
606                  6.22217           6.50924
607                  6.22217           6.45729
608                  6.22217            6.5263
609                  6.22217            6.5386
610                  6.22217           6.63306
611                  6.22217           6.53638
612                  6.22217           6.56823
613                  6.22217           6.47533
614                  6.22217            6.5894
615                  6.22217           6.58777
616                  6.22217           6.40665
617                  6.22217            6.3895
618                  6.22217           6.48278
619                  6.22217           6.40331
620                  6.22217            6.4841
621                  6.22217           6.48762
622                  6.22217           6.54892
623                  6.22217           6.42719
624                  6.22217           6.39927
625                  6.22217           6.68036
626                  6.22217           6.55065
627                  6.22217           6.56579
628                  6.22217           6.62108
629                  6.22217           6.54438
630                  6.22217           6.68191
631                  6.22217           6.46598
632                  6.22217           6.50849
633                  6.22217           6.42531
634                  6.22217           6.39864
635                  6.22217            6.5854
636                  6.22217           6.60303
637                  6.22217           6.45534
638                  6.22217           6.59212
639                  6.22217           6.44809
640                  6.22217           6.48536
641                  6.22217           6.48492
642                  6.22217           6.63089
643                  6.22217           6.36353
644                  6.22217           6.48953
645                  6.22217           6.56746
646                  6.22217           6.48646
647                  6.22217           6.35532
648                  6.22217           6.56517
649                  6.22217           6.58007
650                  6.22217            6.5883
651                  6.22217           6.55095
652                  6.22217           6.50843
653                  6.22217           6.49167
654                  6.22217           6.56291
655                  6.22217           6.50558
656                  6.22217           6.55678
657                  6.22217           6.58958
658                  6.22217           6.47023
659                  6.22217           6.53054
660                  6.22217           6.48674
661                  6.22217           6.58582
662                  6.22217           6.52924
663                  6.22217           6.51349
664                  6.22217           6.48212
665                  6.22217           6.50429
666                  6.22217           6.49123
667                  6.22217            6.4505
668                  6.22217           6.50243
669                  6.22217            6.4573
670                  6.22217             6.592
671                  6.22217            6.5139
672                  6.22217           6.59808
673                  6.22217           6.61976
674                  6.22217           6.38492
675                  6.22217           6.49405
676                  6.22217           6.46258
677                  6.22217           6.55929
678                  6.22217            6.6513
679                  6.22217           6.54549
680                  6.22217           6.44516
681                  6.22217           6.63909
682                  6.22217           6.40037
683                  6.22217           6.51654
684                  6.22217           6.65456
685                  6.22217           6.62334
686                  6.22217           6.44342
687                  6.22217           6.60391
688                  6.22217           6.59886
689                  6.22217           6.64376
690                  6.22217           6.55658
691                  6.22217           6.54368
692                  6.22217           6.44246
693                  6.22217           6.53236
694                  6.22217           6.43185
695                  6.22217           6.39665
696                  6.22217           6.47394
697                  6.22217           6.38678
698                  6.22217           6.55894
699                  6.22217           6.49545
700                  6.22217            6.5501
701                  6.22217           6.66249
702                  6.22217           6.40157
703                  6.22217           6.56747
704                  6.22217           6.57712
705                  6.22217           6.49716
706                  6.22217           6.41149
707                  6.22217           6.41115
708                  6.22217           6.43376
709                  6.22217           6.61088
710                  6.22217           6.62851
711                  6.22217           6.52735
712                  6.22217           6.44492
713                  6.22217           6.44176
714                  6.22217           6.43473
715                  6.22217           6.52197
716                  6.22217           6.51601
717                  6.22217           6.50398
718                  6.22217           6.49399
719                  6.22217           6.39946
720                  6.22217           6.66124
721                  6.22217           6.57744
722                  6.22217           6.48365
723                  6.22217           6.39928
724                  6.22217           6.46491
725                  6.22217           6.44484
726                  6.22217           6.41757
727                  6.22217           6.46927
728                  6.22217           6.61523
729                  6.22217           6.51106
730                  6.22217           6.41643
731                  6.22217           6.36685
732                  6.22217           6.61576
733                  6.22217           6.69806
734                  6.22217           6.81821
735                  6.22217           6.53348
736                  6.22217           6.51204
737                  6.22217           6.50658
738                  6.22217           6.49628
739                  6.22217            6.4414
740                  6.22217           6.46355
741                  6.22217           6.53568
742                  6.22217           6.51707
743                  6.22217           6.42703
744                  6.22217            6.4842
745                  6.22217           6.38911
746                  6.22217           6.47816
747                  6.22217           6.66131
748                  6.22217           6.50746
749                  6.22217           6.41472
750                  6.22217           6.40109
751                  6.22217           6.54161
752                  6.22217           6.48393
753                  6.22217           6.45833
754                  6.22217           6.38585
755                  6.22217           6.40518
756                  6.22217           6.41814
757                  6.22217           6.52683
758                  6.22217           6.53082
759                  6.22217            6.5298
760                  6.22217           6.57692
761                  6.22217           6.47329
762                  6.22217           6.55586
763                  6.22217           6.42196
764                  6.22217           6.45504
765                  6.22217           6.51168
766                  6.22217           6.49835
767                  6.22217           6.53326
768                  6.22217           6.51111
769                  6.22217            6.4902
770                  6.22217           6.45377
771                  6.22217           6.54835
772                  6.22217           6.47751
773                  6.22217           6.55507
774                  6.22217           6.48119
775                  6.22217           6.63868
776                  6.22217           6.53867
777                  6.22217           6.51597
778                  6.22217            6.4111
779                  6.22217           6.49283
780                  6.22217           6.57124
781                  6.22217           6.55594
782                  6.22217           6.61716
783                  6.22217           6.60154
784                  6.22217            6.5423
785                  6.22217           6.42601
786                  6.22217           6.56651
787                  6.22217           6.57519
788                  6.22217           6.50651
789                  6.22217           6.43579
790                  6.22217            6.5666
791                  6.22217           6.47715
792                  6.22217           6.49983
793                  6.22217            6.5722
794                  6.22217           6.45977
795                  6.22217           6.40031
796                  6.22217           6.51148
797                  6.22217           6.40541
798                  6.22217           6.36746
799                  6.22217           6.50549
800                  6.22217           6.53674
801                  6.22217           6.72655
802                  6.22217           6.61433
803                  6.22217           6.57068
804                  6.22217           6.53327
805                  6.22217           6.44395
806                  6.22217           6.48582
807                  6.22217           6.47994
808                  6.22217           6.59193
809                  6.22217            6.5683
810                  6.22217           6.54058
811                  6.22217           6.51392
812                  6.22217           6.53136
813                  6.22217           6.40578
814                  6.22217           6.55053
815                  6.22217           6.41394
816                  6.22217           6.44004
817                  6.22217           6.55032
818                  6.22217           6.45982
819                  6.22217            6.4788
820                  6.22217           6.50431
821                  6.22217           6.49848
822                  6.22217           6.50782
823                  6.22217           6.58207
824                  6.22217           6.50397
825                  6.22217           6.53736
826                  6.22217           6.50055
827                  6.22217            6.4927
828                  6.22217           6.46921
829                  6.22217           6.51652
830                  6.22217           6.47915
831                  6.22217           6.54132
832                  6.22217           6.53071
833                  6.22217           6.60052
834                  6.22217           6.64136
835                  6.22217           6.45492
836                  6.22217           6.51348
837                  6.22217           6.64794
838                  6.22217            6.5048
839                  6.22217           6.57668
840                  6.22217           6.54017
841                  6.22217            6.5913
842                  6.22217           6.53533
843                  6.22217           6.52405
844                  6.22217           6.41376
845                  6.22217           6.47363
846                  6.22217           6.50884
847                  6.22217           6.45025
848                  6.22217           6.61338
849                  6.22217           6.45486
850                  6.22217           6.40795
851                  6.22217            6.3699
852                  6.22217           6.47247
853                  6.22217           6.48813
854                  6.22217           6.46405
855                  6.22217           6.43443
856                  6.22217           6.47388
857                  6.22217            6.4827
858                  6.22217           6.43677
859                  6.22217           6.67396
860                  6.22217           6.61472
861                  6.22217           6.46767
862                  6.22217           6.52278
863                  6.22217           6.52628
864                  6.22217           6.52377
865                  6.22217           6.64663
866                  6.22217           6.42103
867                  6.22217           6.44703
868                  6.22217            6.4629
869                  6.22217            6.5695
870                  6.22217           6.49289
871                  6.22217           6.44936
872                  6.22217           6.46749
873                  6.22217           6.46708
874                  6.22217           6.44252
875                  6.22217           6.51837
876                  6.22217            6.5192
877                  6.22217           6.48542
878                  6.22217           6.52421
879                  6.22217           6.57573
880                  6.22217           6.48646
881                  6.22217           6.42631
882                  6.22217           6.48581
883                  6.22217           6.59973
884                  6.22217           6.65917
885                  6.22217           6.60864
886                  6.22217           6.46566
887                  6.22217           6.65143
888                  6.22217            6.4213
889                  6.22217           6.51907
890                  6.22217           6.51317
891                  6.22217           6.42434
892                  6.22217           6.37421
893                  6.22217           6.56875
894                  6.22217           6.57063
895                  6.22217           6.57114
896                  6.22217           6.57107
897                  6.22217           6.52376
898                  6.22217           6.44505
899                  6.22217           6.46411
900                  6.22217           6.46098
901                  6.22217           6.40561
902                  6.22217           6.38644
903                  6.22217           6.49821
904                  6.22217           6.52786
905                  6.22217           6.49662
906                  6.22217           6.44666
907                  6.22217           6.35892
908                  6.22217           6.55975
909                  6.22217           6.52225
910                  6.22217           6.56375
911                  6.22217            6.4999
912                  6.22217           6.44948
913                  6.22217           6.49395
914                  6.22217           6.52842
915                  6.22217            6.4532
916                  6.22217           6.44893
917                  6.22217           6.53633
918                  6.22217           6.57193
919                  6.22217           6.44681
920                  6.22217           6.42995
921                  6.22217           6.41296
922                  6.22217           6.37576
923                  6.22217           6.38448
924                  6.22217           6.56139
925                  6.22217           6.49458
926                  6.22217           6.49452
927                  6.22217           6.43946
928                  6.22217           6.45143
929                  6.22217           6.50539
930                  6.22217           6.51558
931                  6.22217           6.44348
932                  6.22217           6.48745
933                  6.22217           6.40593
934                  6.22217           6.53669
935                  6.22217           6.51645
936                  6.22217           6.66709
937                  6.22217           6.61857
938                  6.22217           6.53094
939                  6.22217           6.55988
940                  6.22217           6.46407
941                  6.22217           6.47669
942                  6.22217           6.44547
943                  6.22217           6.51505
944                  6.22217           6.54268
945                  6.22217           6.56708
946                  6.22217           6.53792
947                  6.22217           6.53263
948                  6.22217           6.47441
949                  6.22217           6.38249
950                  6.22217           6.53254
951                  6.22217           6.42948
952                  6.22217            6.4652
953                  6.22217           6.44017
954                  6.22217           6.51532
955                  6.22217           6.56425
956                  6.22217           6.39014
957                  6.22217           6.47545
958                  6.22217           6.61901
959                  6.22217           6.63552
960                  6.22217           6.53074
961                  6.22217           6.55695
962                  6.22217           6.48411
963                  6.22217           6.46859
964                  6.22217           6.52969
965                  6.22217           6.50327
966                  6.22217           6.55296
967                  6.22217           6.61268
968                  6.22217           6.61302
969                  6.22217            6.4362
970                  6.22217           6.54864
971                  6.22217           6.50094
972                  6.22217           6.61011
973                  6.22217           6.58458
974                  6.22217           6.37746
975                  6.22217            6.4137
976                  6.22217           6.52281
977                  6.22217           6.56055
978                  6.22217           6.54511
979                  6.22217           6.55406
980                  6.22217           6.62382
981                  6.22217           6.44887
982                  6.22217           6.62036
983                  6.22217           6.66392
984                  6.22217           6.64731
985                  6.22217           6.66462
986                  6.22217           6.61327
987                  6.22217            6.5412
988                  6.22217           6.49428
989                  6.22217           6.46588
990                  6.22217           6.50394
991                  6.22217           6.58057
992                  6.22217           6.54752
993                  6.22217           6.49714
994                  6.22217           6.60579
995                  6.22217            6.3728
996                  6.22217           6.51812
997                  6.22217           6.41595
998                  6.22217           6.33459
999                  6.22217           6.44536
