0                  23.9289           28.5754
1                  21.5158           24.8116
2                  20.7023           22.5491
3                  17.5478           21.4697
4                  16.4316           18.9805
5                  15.9046           17.4031
6                  15.4702           16.5848
7                  15.0556           16.2197
8                  14.1791           15.7147
9                  13.6895           14.9883
10                  13.3601           14.7206
11                  12.7956           14.4053
12                  12.6466            13.754
13                  12.3728           13.1804
14                  11.7273           12.7919
15                  11.7273           12.6497
16                  11.3222           12.1379
17                  11.1079           11.7728
18                  10.9735           11.4617
19                  10.8147           11.2591
20                  10.6895           11.1301
21                  10.6895           10.9605
22                  10.6895           10.9133
23                  10.6895           10.9228
24                   10.648           10.9322
25                   10.648           10.9046
26                   10.648           10.9226
27                   10.648           10.8066
28                  10.5594            10.812
29                  10.5594           10.7505
30                  10.5594           10.7692
31                  10.5594           10.7092
32                  10.1128            10.743
33                  10.1128           10.5184
34                  10.1128           10.2619
35                  10.1128           10.2652
36                  10.1128           10.3377
37                  10.1128           10.3523
38                  10.1128           10.2587
39                  10.1128           10.2865
40                  10.1128           10.2513
41                  10.1128           10.2979
42                  10.1128           10.2923
43                  10.1128           10.3342
44                  10.1128           10.2182
45                  10.1128           10.3469
46                  10.1128            10.362
47                  10.1128           10.2725
48                  10.1128           10.2909
49                  10.1128              10.3
50                  10.1128           10.2687
51                  10.1128           10.2707
52                  10.1128           10.3841
53                  10.1128            10.322
54                  10.1128           10.3607
55                  10.1128           10.3151
56                  10.1128           10.3023
57                  10.1128           10.3432
58                  10.1128           10.3779
59                  10.1128           10.3012
60                  10.1128           10.3053
61                  10.1128           10.3255
62                  10.1128           10.2646
63                  10.1128           10.2699
64                  10.1128           10.3523
65                  10.1128            10.352
66                  10.1128           10.2515
67                  10.1128           10.2563
68                  10.1128           10.3166
69                  10.1128           10.3269
70                  10.1128           10.3332
71                  10.1128           10.3221
72                  10.1128           10.3448
73                  10.1128           10.3281
74                  10.1128           10.3679
75                  10.1128           10.2925
76                   10.086           10.2451
77                   10.086           10.2655
78                   10.086           10.3433
79                   10.086           10.3092
80                   10.086           10.3673
81                   10.086           10.2771
82                   10.086           10.3277
83                   10.086           10.3114
84                   10.086           10.3559
85                   10.086           10.3154
86                   10.086           10.3301
87                   10.086           10.2784
88                   10.086           10.9674
89                   10.086           10.6526
90                   10.086           10.3536
91                   10.086           10.3135
92                   10.086           10.3288
93                   10.086           10.3249
94                   10.086           10.2768
95                   10.086           10.2666
96                   10.086            10.321
97                   10.086           10.2494
98                   10.086           10.3364
99                   10.086           10.3093
100                   10.086           10.2643
101                   10.086           10.3326
102                   10.086           10.3279
103                   10.086           10.2627
104                   10.086           10.2389
105                   10.086           10.2688
106                   10.086           10.1882
107                   10.086           10.2879
108                   10.086            10.344
109                   10.086            10.311
110                   10.086           10.2689
111                   10.086           10.2082
112                   10.086           10.3059
113                   10.086           10.2389
114                   10.086           10.2438
115                   10.086           10.3109
116                   10.086           10.3349
117                   10.086           10.3622
118                   10.086           10.3638
119                   10.086           10.3316
120                   10.086           10.3036
121                   10.086           10.2679
122                   10.086           10.2886
123                   10.086           10.3053
124                   10.086           10.2553
125                   10.086           10.3487
126                   10.086           10.3305
127                   10.086           10.3259
128                   10.086           10.2913
129                   10.086           10.3191
130                   10.086           10.2878
131                   10.086           10.3011
132                   10.086           10.2467
133                   10.086           10.2363
134                   10.086             10.26
135                   10.086           10.3674
136                   10.086           10.3168
137                   10.086           10.3233
138                   10.086           10.3126
139                   10.086           10.3201
140                   10.086            10.364
141                   10.086           10.2605
142                   10.086           10.2636
143                   10.086           10.2323
144                   10.086           10.2489
145                   10.086           10.2547
146                   10.086           10.2644
147                   10.086           10.3325
148                   10.086           10.2585
149                   10.086           10.2744
150                   10.086           10.2918
151                   10.086           10.2478
152                   10.086            10.268
153                   10.086           10.2967
154                   10.086            10.246
155                   10.086           10.2476
156                   10.086            10.263
157                   10.086           10.2437
158                   10.086           10.3393
159                   10.086           10.3252
160                   10.086           10.2973
161                   10.086           10.2957
162                   10.086           10.3393
163                   10.086           10.2144
164                   10.086           10.3528
165                   10.086           10.2616
166                   10.086           10.2848
167                   10.086           10.3407
168                   10.086           10.3216
169                   10.086           10.2911
170                   10.086           10.2818
171                   10.086           10.2698
172                   10.086           10.2731
173                   10.086           10.3654
174                   10.086           10.2871
175                   10.086           10.2798
176                   10.086           10.2956
177                   10.086            10.212
178                   10.086           10.2708
179                   10.086           10.4178
180                   10.086           10.2431
181                   10.086           10.3188
182                   10.086           10.3178
183                   10.086           10.3173
184                   10.086           10.3383
185                   10.086           10.3166
186                   10.086           10.2744
187                   10.086           10.3307
188                   10.086           10.2461
189                   10.086           10.3961
190                   10.086           10.3568
191                   10.086           10.3023
192                   10.086           10.2985
193                   10.086           10.3882
194                   10.086           10.2894
195                   10.086           10.2204
196                   10.086           10.2173
197                   10.086           10.3005
198                   10.086           10.2891
199                   10.086           10.3693
200                   10.086           10.4232
201                   10.086            10.296
202                   10.086           10.3157
203                   10.086           10.1885
204                   10.086            10.274
205                   10.086           10.3212
206                   10.086           10.2305
207                   10.086           10.2601
208                   10.086           10.3126
209                   10.086           10.2673
210                   10.086           10.2536
211                   10.086           10.3622
212                   10.086           10.2878
213                   10.086           10.2671
214                   10.086           10.2236
215                   10.086           10.2234
216                   10.086             10.33
217                   10.086           10.3525
218                   10.086           10.3093
219                   10.086           10.3103
220                   10.086           10.3712
221                   10.086           10.3333
222                   10.086           10.2537
223                   10.086           10.3111
224                   10.086            10.403
225                   10.086           10.2735
226                   10.086           10.2846
227                   10.086           10.2687
228                   10.086           10.2719
229                   10.086           10.2593
230                   10.086           10.2748
231                   10.086           10.2748
232                   10.086            10.334
233                   10.086           10.2946
234                   10.086           10.2342
235                   10.086           10.3215
236                   10.086           10.2706
237                   10.086           10.2904
238                   10.086           10.3453
239                   10.086           10.2467
240                   10.086           10.2603
241                   10.086           10.3671
242                   10.086           10.3352
243                   10.086           10.2585
244                   10.086           10.3041
245                   10.086           10.3106
246                   10.086           10.2588
247                   10.086           10.3066
248                   10.086           10.2727
249                   10.086            10.329
250                   10.086           10.3113
251                   10.086           10.2502
252                   10.086           10.2896
253                   10.086           10.2865
254                   10.086           10.2461
255                   10.086           10.2272
256                   10.086            10.256
257                   10.086           10.2564
258                   10.086           10.2972
259                   10.086           10.3844
260                   10.086           10.3043
261                   10.086            10.254
262                   10.086           10.2881
263                   10.086           10.2921
264                   10.086            10.253
265                   10.086           10.2742
266                   10.086           10.2766
267                   10.086           10.2918
268                   10.086           10.2772
269                   10.086           10.2612
270                   10.086           10.2674
271                   10.086           10.2666
272                   10.086           10.4034
273                   10.086           10.3773
274                   10.086           10.3632
275                   10.086           10.2871
276                   10.086           10.2751
277                   10.086           10.3626
278                   10.086           10.2876
279                   10.086           10.2221
280                   10.086           10.2401
281                   10.086           10.2384
282                   10.086           10.3773
283                   10.086            10.305
284                   10.086           10.3591
285                   10.086           10.3641
286                   10.086           10.3283
287                   10.086           10.2407
288                   10.086           10.2488
289                   10.086           10.2697
290                   10.086           10.2065
291                   10.086           10.2881
292                   10.086           10.3147
293                   10.086           10.3772
294                   10.086           10.2693
295                   10.086           10.3535
296                   10.086           10.2203
297                   10.086           10.2936
298                   10.086            10.286
299                   10.086           10.2494
300                   10.086           10.1813
301                   10.086           10.2899
302                   10.086           10.2887
303                   10.086           10.2205
304                   10.086           10.2949
305                   10.086           10.2556
306                   10.086           10.2499
307                   10.086           10.3744
308                   10.086           10.2892
309                   10.086           10.2271
310                   10.086           10.2525
311                   10.086           10.3138
312                   10.086           10.2631
313                   10.086           10.2715
314                   10.086           10.2499
315                   10.086           10.2657
316                   10.086             10.38
317                   10.086           10.2796
318                   10.086           10.2424
319                   10.086            10.252
320                   10.086           10.4002
321                   10.086           10.3239
322                   10.086            10.303
323                   10.086           10.2774
324                   10.086           10.2456
325                   10.086           10.2228
326                   10.086           10.3206
327                   10.086           10.3492
328                   10.086            10.295
329                   10.086           10.2491
330                   10.086           10.2809
331                   10.086            10.262
332                   10.086           10.3659
333                   10.086           10.2918
334                   10.086           10.2459
335                   10.086           10.3646
336                   10.086           10.2555
337                   10.086           10.2346
338                   10.086           10.2472
339                   10.086            10.285
340                   10.086           10.2494
341                   10.086           10.2709
342                   10.086           10.3084
343                   10.086           10.3986
344                   10.086           10.3822
345                   10.086           10.3433
346                   10.086           10.2718
347                   10.086            10.264
348                   10.086           10.3105
349                   10.086           10.3214
350                   10.086           10.2904
351                   10.086           10.3296
352                   10.086           10.3737
353                   10.086           10.3252
354                   10.086           10.3607
355                   10.086           10.2442
356                   10.086           10.2817
357                   10.086           10.2649
358                   10.086           10.3642
359                   10.086           10.2721
360                   10.086           10.2823
361                   10.086           10.2865
362                   10.086           10.2494
363                   10.086            10.196
364                   10.086           10.2712
365                   10.086           10.2729
366                   10.086            10.226
367                   10.086           10.2943
368                   10.086           10.3807
369                   10.086           10.3092
370                   10.086           10.3313
371                   10.086           10.3369
372                   10.086            10.364
373                   10.086           10.2638
374                   10.086           10.2443
375                   10.086           10.2767
376                   10.086           10.3257
377                   10.086           10.2352
378                   10.086           10.3242
379                   10.086           10.2921
380                   10.086           10.2653
381                   10.086           10.2458
382                   10.086            10.282
383                   10.086            10.247
384                   10.086            10.278
385                   10.086           10.2394
386                   10.086           10.3141
387                   10.086           10.3865
388                   10.086           10.3438
389                   10.086           10.3045
390                   10.086           10.2502
391                   10.086           10.4302
392                   10.086           10.2744
393                   10.086           10.3186
394                   10.086           10.3169
395                   10.086           10.3099
396                   10.086            10.267
397                   10.086           10.2673
398                   10.086           10.3643
399                   10.086           10.3412
400                   10.086           10.2468
401                   10.086           10.3303
402                   10.086           10.3379
403                   10.086           10.2533
404                   10.086           10.3036
405                   10.086           10.2595
406                   10.086           10.3147
407                   10.086           10.3134
408                   10.086            10.369
409                   10.086            10.284
410                   10.086           10.3641
411                   10.086            10.347
412                   10.086            10.325
413                   10.086           10.2651
414                   10.086           10.3953
415                   10.086           10.3179
416                   10.086            10.354
417                   10.086           10.3155
418                   10.086           10.3391
419                   10.086           10.2956
420                   10.086           10.2425
421                   10.086           10.3626
422                   10.086           10.3561
423                   10.086           10.2908
424                   10.086           10.3524
425                   10.086           10.3031
426                   10.086           10.2656
427                   10.086           10.2367
428                   10.086           10.2061
429                   10.086           10.2144
430                   10.086           10.2775
431                   10.086           10.3772
432                   10.086           10.2881
433                   10.086           10.3236
434                   10.086           10.3352
435                   10.086           10.2983
436                   10.086            10.278
437                   10.086           10.3293
438                   10.086            10.344
439                   10.086           10.3006
440                   10.086           10.3404
441                   10.086           10.3328
442                   10.086           10.2055
443                   10.086           10.3592
444                   10.086           10.3155
445                   10.086           10.3222
446                   10.086           10.2562
447                   10.086            10.268
448                   10.086           10.2164
449                   10.086           10.2974
450                   10.086            10.367
451                   10.086           10.3002
452                   10.086           10.2921
453                   10.086            10.224
454                   10.086           10.3267
455                   10.086           10.3717
456                   10.086           10.2643
457                   10.086           10.2216
458                   10.086           10.2312
459                   10.086           10.3003
460                   10.086            10.307
461                   10.086           10.3752
462                   10.086           10.3332
463                   10.086           10.3976
464                   10.086           10.3551
465                   10.086           10.3421
466                   10.086           10.2899
467                   10.086           10.3109
468                   10.086           10.2518
469                   10.086           10.3231
470                   10.086           10.3008
471                   10.086           10.3184
472                   10.086           10.3465
473                   10.086           10.3018
474                   10.086           10.2637
475                   10.086            10.305
476                   10.086           10.2665
477                   10.086           10.2754
478                   10.086           10.2966
479                   10.086           10.2741
480                   10.086           10.3043
481                   10.086           10.2666
482                   10.086           10.3302
483                   10.086           10.3346
484                   10.086           10.3774
485                   10.086           10.3298
486                   10.086           10.3738
487                   10.086           10.3177
488                   10.086           10.3502
489                   10.086           10.2804
490                   10.086            10.321
491                   10.086           10.3586
492                   10.086           10.3603
493                   10.086           10.3833
494                   10.086           10.3011
495                   10.086           10.2445
496                   10.086           10.2364
497                   10.086           10.2886
498                   10.086            10.284
499                   10.086           10.3399
500                   10.086           10.2381
501                   10.086           10.2874
502                   10.086           10.2793
503                   10.086           10.3043
504                   10.086            10.343
505                   10.086           10.2373
506                   10.086           10.2202
507                   10.086            10.312
508                   10.086           10.2524
509                   10.086           10.2985
510                   10.086           10.3133
511                   10.086           10.2571
512                   10.086           10.2382
513                   10.086           10.2798
514                   10.086           10.2921
515                   10.086           10.3376
516                   10.086           10.4123
517                   10.086           10.3062
518                   10.086           10.2594
519                   10.086           10.3168
520                   10.086           10.2554
521                   10.086           10.2316
522                   10.086           10.1848
523                   10.086           10.2476
524                   10.086           10.2885
525                   10.086           10.3591
526                   10.086           10.2785
527                   10.086           10.3851
528                   10.086           10.2981
529                   10.086           10.1949
530                   10.086           10.2658
531                   10.086           10.2577
532                   10.086            10.244
533                   10.086           10.2441
534                   10.086           10.3307
535                   10.086           10.2048
536                   10.086           10.2439
537                   10.086           10.3653
538                   10.086           10.2526
539                   10.086           10.2958
540                   10.086           10.2863
541                   10.086           10.2932
542                   10.086           10.2726
543                   10.086           10.2739
544                   10.086            10.211
545                   10.086           10.2835
546                   10.086           10.3338
547                   10.086           10.4195
548                   10.086           10.3266
549                   10.086           10.2718
550                   10.086           10.2911
551                   10.086           10.2712
552                   10.086           10.3008
553                   10.086           10.1847
554                   10.086           10.2074
555                   10.086           10.2686
556                   10.086           10.2821
557                   10.086           10.2777
558                   10.086           10.3011
559                   10.086           10.3697
560                   10.086           10.3681
561                   10.086           10.2637
562                   10.086           10.2508
563                   10.086           10.2036
564                   10.086           10.2407
565                   10.086           10.2926
566                   10.086           10.3086
567                   10.086           10.2728
568                   10.086            10.273
569                   10.086           10.3675
570                   10.086           10.2594
571                   10.086           10.2749
572                   10.086           10.3541
573                   10.086           10.3163
574                   10.086           10.3156
575                   10.086           10.2518
576                   10.086           10.3359
577                   10.086           10.2016
578                   10.086           10.2553
579                   10.086           10.2674
580                   10.086           10.2701
581                   10.086            10.286
582                   10.086           10.2765
583                   10.086           10.2809
584                   10.086           10.3863
585                   10.086             10.34
586                   10.086           10.2418
587                   10.086           10.3581
588                   10.086            10.307
589                   10.086           10.2965
590                   10.086           10.2075
591                   10.086           10.2388
592                   10.086           10.2316
593                   10.086           10.3581
594                   10.086           10.3795
595                   10.086           10.3179
596                   10.086           10.2241
597                   10.086           10.2875
598                   10.086           10.2161
599                   10.086           10.2804
600                   10.086           10.2076
601                   10.086           10.2594
602                   10.086           10.2314
603                   10.086           10.3559
604                   10.086           10.2993
605                   10.086           10.2928
606                   10.086           10.2887
607                   10.086           10.2824
608                   10.086           10.3028
609                   10.086           10.2808
610                   10.086           10.3791
611                   10.086           10.3307
612                   10.086           10.3322
613                   10.086           10.3032
614                   10.086           10.3503
615                   10.086           10.3393
616                   10.086           10.2133
617                   10.086           10.2016
618                   10.086           10.3085
619                   10.086           10.2076
620                   10.086           10.2607
621                   10.086           10.2898
622                   10.086           10.2935
623                   10.086           10.2643
624                   10.086           10.2383
625                   10.086           10.4075
626                   10.086           10.3292
627                   10.086           10.3028
628                   10.086           10.3214
629                   10.086           10.3058
630                   10.086           10.4105
631                   10.086           10.2758
632                   10.086           10.2954
633                   10.086           10.2321
634                   10.086           10.2272
635                   10.086           10.3273
636                   10.086           10.3463
637                   10.086           10.2706
638                   10.086           10.3574
639                   10.086           10.2792
640                   10.086           10.2657
641                   10.086           10.2829
642                   10.086           10.3641
643                   10.086           10.2062
644                   10.086           10.2837
645                   10.086           10.3567
646                   10.086           10.2792
647                   10.086            10.223
648                   10.086           10.3249
649                   10.086           10.3484
650                   10.086           10.3679
651                   10.086           10.3604
652                   10.086           10.2888
653                   10.086           10.3088
654                   10.086           10.2968
655                   10.086           10.2711
656                   10.086           10.3102
657                   10.086           10.3443
658                   10.086           10.2721
659                   10.086            10.311
660                   10.086           10.2962
661                   10.086           10.3614
662                   10.086           10.3051
663                   10.086           10.2811
664                   10.086           10.2721
665                   10.086           10.2835
666                   10.086           10.2856
667                   10.086           10.2606
668                   10.086           10.2521
669                   10.086           10.2624
670                   10.086           10.3591
671                   10.086           10.3028
672                   10.086           10.3139
673                   10.086           10.3682
674                   10.086           10.2047
675                   10.086           10.2753
676                   10.086           10.2727
677                   10.086           10.3184
678                   10.086           10.3493
679                   10.086           10.2971
680                   10.086            10.277
681                   10.086            10.379
682                   10.086           10.2431
683                   10.086           10.3118
684                   10.086            10.424
685                   10.086           10.3616
686                   10.086           10.2208
687                   10.086           10.3629
688                   10.086           10.3507
689                   10.086           10.3777
690                   10.086           10.3046
691                   10.086           10.3174
692                   10.086            10.258
693                   10.086              10.3
694                   10.086           10.2362
695                   10.086           10.2209
696                   10.086           10.2943
697                   10.086             10.21
698                   10.086           10.3219
699                   10.086           10.2872
700                   10.086           10.3302
701                   10.086           10.3714
702                   10.086           10.2375
703                   10.086           10.3149
704                   10.086           10.3149
705                   10.086           10.2978
706                   10.086           10.2348
707                   10.086           10.2094
708                   10.086           10.2532
709                   10.086           10.3756
710                   10.086           10.3513
711                   10.086           10.3061
712                   10.086           10.2705
713                   10.086           10.2598
714                   10.086           10.2622
715                   10.086           10.2841
716                   10.086           10.2948
717                   10.086           10.2861
718                   10.086           10.2997
719                   10.086            10.238
720                   10.086           10.3859
721                   10.086            10.321
722                   10.086           10.2771
723                   10.086           10.2384
724                   10.086           10.2634
725                   10.086           10.2339
726                   10.086           10.2438
727                   10.086           10.2743
728                   10.086           10.4013
729                   10.086           10.3347
730                   10.086            10.246
731                   10.086           10.1983
732                   10.086           10.3489
733                   10.086           10.4108
734                   10.086           10.4838
735                   10.086           10.3107
736                   10.086           10.2714
737                   10.086           10.2937
738                   10.086           10.2719
739                   10.086           10.2333
740                   10.086            10.288
741                   10.086           10.3169
742                   10.086           10.2933
743                   10.086           10.2468
744                   10.086           10.2731
745                   10.086           10.2174
746                   10.086           10.3027
747                   10.086           10.3358
748                   10.086           10.2798
749                   10.086           10.2197
750                   10.086           10.2372
751                   10.086           10.3202
752                   10.086           10.2763
753                   10.086           10.2738
754                   10.086           10.2171
755                   10.086           10.2426
756                   10.086           10.2113
757                   10.086           10.3086
758                   10.086           10.3481
759                   10.086           10.3034
760                   10.086           10.3238
761                   10.086           10.2685
762                   10.086           10.3054
763                   10.086           10.2381
764                   10.086           10.2753
765                   10.086           10.3058
766                   10.086           10.2861
767                   10.086           10.2978
768                   10.086           10.2647
769                   10.086           10.2711
770                   10.086           10.3068
771                   10.086           10.3342
772                   10.086           10.3093
773                   10.086           10.3404
774                   10.086           10.2671
775                   10.086           10.3621
776                   10.086           10.3109
777                   10.086            10.303
778                   10.086            10.234
779                   10.086           10.2761
780                   10.086           10.3175
781                   10.086           10.3033
782                   10.086           10.3464
783                   10.086           10.3429
784                   10.086           10.2954
785                   10.086           10.2201
786                   10.086           10.2906
787                   10.086           10.3198
788                   10.086           10.2855
789                   10.086           10.2567
790                   10.086           10.3373
791                   10.086           10.2926
792                   10.086           10.2755
793                   10.086           10.3162
794                   10.086           10.2678
795                   10.086           10.2315
796                   10.086           10.2886
797                   10.086           10.2346
798                   10.086           10.2239
799                   10.086           10.3068
800                   10.086           10.3384
801                   10.086           10.4133
802                   10.086           10.3371
803                   10.086           10.3159
804                   10.086           10.3073
805                   10.086           10.2563
806                   10.086           10.3032
807                   10.086           10.2745
808                   10.086           10.3376
809                   10.086           10.3206
810                   10.086           10.3246
811                   10.086           10.3055
812                   10.086           10.2891
813                   10.086           10.2357
814                   10.086           10.3173
815                   10.086           10.2466
816                   10.086           10.2566
817                   10.086           10.2851
818                   10.086           10.2577
819                   10.086           10.2922
820                   10.086           10.2813
821                   10.086           10.2757
822                   10.086           10.2848
823                   10.086           10.3286
824                   10.086           10.3012
825                   10.086           10.2772
826                   10.086            10.277
827                   10.086           10.2379
828                   10.086           10.2535
829                   10.086           10.2805
830                   10.086           10.2727
831                   10.086           10.3124
832                   10.086           10.3172
833                   10.086           10.3351
834                   10.086           10.3909
835                   10.086           10.2695
836                   10.086           10.3371
837                   10.086           10.3719
838                   10.086           10.3011
839                   10.086           10.3353
840                   10.086           10.2923
841                   10.086            10.325
842                   10.086           10.3102
843                   10.086           10.3102
844                   10.086           10.2469
845                   10.086           10.2997
846                   10.086           10.2792
847                   10.086           10.2785
848                   10.086           10.3523
849                   10.086           10.2654
850                   10.086           10.2161
851                   10.086           10.2087
852                   10.086           10.2626
853                   10.086           10.2726
854                   10.086           10.2866
855                   10.086           10.2412
856                   10.086             10.27
857                   10.086           10.3188
858                   10.086           10.2736
859                   10.086           10.3906
860                   10.086           10.3593
861                   10.086            10.297
862                   10.086            10.302
863                   10.086           10.3048
864                   10.086           10.3091
865                   10.086           10.3776
866                   10.086           10.2274
867                   10.086           10.2847
868                   10.086           10.2547
869                   10.086           10.2979
870                   10.086           10.2959
871                   10.086           10.2796
872                   10.086           10.3147
873                   10.086            10.282
874                   10.086           10.2707
875                   10.086           10.3089
876                   10.086             10.29
877                   10.086           10.2739
878                   10.086           10.3041
879                   10.086           10.3419
880                   10.086           10.3003
881                   10.086           10.2714
882                   10.086           10.2953
883                   10.086           10.3278
884                   10.086           10.3963
885                   10.086           10.3658
886                   10.086           10.2521
887                   10.086           10.3768
888                   10.086            10.238
889                   10.086            10.306
890                   10.086           10.2772
891                   10.086           10.2288
892                   10.086           10.2083
893                   10.086           10.3398
894                   10.086           10.3478
895                   10.086           10.3024
896                   10.086           10.3284
897                   10.086           10.2891
898                   10.086           10.2889
899                   10.086           10.2735
900                   10.086           10.2642
901                   10.086           10.2333
902                   10.086           10.2047
903                   10.086           10.2694
904                   10.086           10.2933
905                   10.086           10.3037
906                   10.086           10.2563
907                   10.086           10.2068
908                   10.086           10.3168
909                   10.086           10.2805
910                   10.086           10.3319
911                   10.086           10.2667
912                   10.086            10.234
913                   10.086           10.3155
914                   10.086           10.3171
915                   10.086           10.2702
916                   10.086           10.2505
917                   10.086           10.3303
918                   10.086           10.3269
919                   10.086            10.242
920                   10.086           10.2431
921                   10.086           10.2325
922                   10.086           10.2062
923                   10.086           10.2095
924                   10.086           10.3215
925                   10.086           10.3207
926                   10.086           10.3007
927                   10.086            10.281
928                   10.086           10.2551
929                   10.086           10.3009
930                   10.086           10.3077
931                   10.086           10.2452
932                   10.086           10.2997
933                   10.086           10.2252
934                   10.086           10.3133
935                   10.086           10.2763
936                   10.086           10.4002
937                   10.086           10.3651
938                   10.086           10.3372
939                   10.086           10.3106
940                   10.086           10.2898
941                   10.086           10.2783
942                   10.086           10.2806
943                   10.086           10.3379
944                   10.086            10.312
945                   10.086           10.3423
946                   10.086           10.2968
947                   10.086            10.315
948                   10.086           10.2793
949                   10.086           10.2127
950                   10.086           10.3158
951                   10.086           10.2582
952                   10.086           10.2807
953                   10.086           10.2651
954                   10.086           10.3125
955                   10.086           10.3275
956                   10.086           10.2297
957                   10.086           10.2714
958                   10.086           10.3473
959                   10.086            10.329
960                   10.086           10.2922
961                   10.086           10.3166
962                   10.086           10.2753
963                   10.086           10.2778
964                   10.086            10.314
965                   10.086           10.2814
966                   10.086           10.3027
967                   10.086           10.3735
968                   10.086           10.3637
969                   10.086           10.2399
970                   10.086           10.3103
971                   10.086           10.3054
972                   10.086           10.3898
973                   10.086           10.3343
974                   10.086           10.2084
975                   10.086           10.2185
976                   10.086           10.3284
977                   10.086           10.3325
978                   10.086           10.3045
979                   10.086            10.311
980                   10.086           10.3465
981                   10.086           10.2555
982                   10.086            10.366
983                   10.086           10.4099
984                   10.086            10.389
985                   10.086           10.3632
986                   10.086           10.3659
987                   10.086           10.3147
988                   10.086            10.274
989                   10.086            10.268
990                   10.086           10.2816
991                   10.086           10.3617
992                   10.086            10.306
993                   10.086             10.28
994                   10.086           10.3217
995                   10.086           10.1975
996                   10.086           10.3035
997                   10.086           10.2403
998                   10.086           10.1819
999                   10.086            10.215
