0 0.999539 0 
100000 0.999633 9.39165e-05 
200000 0.999706 9.13008e-05 
300000 0.999654 8.27413e-05 
400000 0.999791 0.000151082 
500000 0.999757 0.000127849 
600000 0.999801 0.000116491 
700000 0.999765 0.000107166 
800000 0.999682 0.000125903 
900000 0.999727 0.000121533 
1000000 0.999722 0.000110041 
1100000 0.99975 0.000104162 
1200000 0.999766 9.70655e-05 
1300000 0.999788 9.26379e-05 
1400000 0.999796 8.66408e-05 
1500000 0.999842 9.3008e-05 
1600000 0.999835 8.76729e-05 
1700000 0.999879 9.39862e-05 
1800000 0.999885 8.90517e-05 
1900000 0.999892 8.47695e-05 
2000000 0.999899 8.09633e-05 
2100000 0.999878 7.99946e-05 
2200000 0.999898 7.91122e-05 
2300000 0.999905 7.60177e-05 
2400000 0.999878 7.75957e-05 
2500000 0.999883 7.47334e-05 
2600000 0.999886 7.19456e-05 
2700000 0.999885 6.93312e-05 
2800000 0.999882 6.69776e-05 
2900000 0.999879 6.47622e-05 
3000000 0.999885 6.2897e-05 
3100000 0.999907 6.47237e-05 
3200000 0.999904 6.27827e-05 
3300000 0.999894 6.17081e-05 
3400000 0.999895 5.99322e-05 
3500000 0.999891 5.84391e-05 
3600000 0.999886 5.70133e-05 
3700000 0.99988 5.58061e-05 
3800000 0.99987 5.52892e-05 
3900000 0.999869 5.38963e-05 
4000000 0.999863 5.29262e-05 
4100000 0.999859 5.1793e-05 
4200000 0.999871 5.1807e-05 
4300000 0.999842 5.79472e-05 
4400000 0.999842 5.66462e-05 
4500000 0.999843 5.5405e-05 
4600000 0.999852 5.49822e-05 
4700000 0.999857 5.40405e-05 
4800000 0.999859 5.29898e-05 
4900000 0.999874 5.39107e-05 
5000000 0.999879 5.31319e-05 
5100000 0.999872 5.2645e-05 
5200000 0.999885 5.33889e-05 
5300000 0.999887 5.24175e-05 
5400000 0.999882 5.16402e-05 
5500000 0.999887 5.08726e-05 
5600000 0.999884 5.00205e-05 
5700000 0.999899 5.13564e-05 
5800000 0.999898 5.05015e-05 
5900000 0.999906 5.0351e-05 
6000000 0.999913 4.99551e-05 
6100000 0.99991 4.92142e-05 
6200000 0.999909 4.84351e-05 
6300000 0.999919 4.8662e-05 
6400000 0.999928 4.87967e-05 
6500000 0.999928 4.80518e-05 
6600000 0.999936 4.79286e-05 
6700000 0.999947 4.86119e-05 
6800000 0.999956 4.87436e-05 
6900000 0.999959 4.81274e-05 
7000000 0.999956 4.75151e-05 
7100000 0.999953 4.6945e-05 
7200000 0.999955 4.63345e-05 
7300000 0.999965 4.6697e-05 
7400000 0.999959 4.64052e-05 
7500000 0.999953 4.62791e-05 
7600000 0.999962 4.66851e-05 
7700000 0.999957 4.63784e-05 
7800000 0.999954 4.58704e-05 
7900000 0.999952 4.53444e-05 
8000000 0.999955 4.48684e-05 
8100000 0.999953 4.4353e-05 
8200000 0.999957 4.39533e-05 
8300000 0.999958 4.34367e-05 
8400000 0.99996 4.30112e-05 
8500000 0.999959 4.2539e-05 
8600000 0.999971 4.38344e-05 
8700000 0.999971 4.33336e-05 
8800000 0.999968 4.29343e-05 
8900000 0.999968 4.24596e-05 
9000000 0.999957 4.34636e-05 
9100000 0.99997 4.51284e-05 
9200000 0.999966 4.4893e-05 
9300000 0.999963 4.45158e-05 
9400000 0.999965 4.40941e-05 
9500000 0.999961 4.37786e-05 
9600000 0.99996 4.33326e-05 
9700000 0.999956 4.30908e-05 
9800000 0.999952 4.28239e-05 
9900000 0.999955 4.24931e-05 
