#     BLOCK:   ACTUAL_M:     M_AVE:       ERROR:
           1    0.013664    0.013664           0
           2    0.025536      0.0196  0.00419739
           3    0.014888   0.0180293  0.00307813
           4    0.017982   0.0180175  0.00230862
           5    0.010778   0.0165696   0.0022557
           6    0.010284    0.015522  0.00210903
           7     0.02066    0.016256  0.00193125
           8     0.02228    0.017009  0.00183076
           9    0.022646   0.0176353  0.00173117
          10    0.019548   0.0178266  0.00156859
          11     0.01403   0.0174815  0.00146347
          12    0.020102   0.0176998  0.00135771
          13    0.025234   0.0182794  0.00137139
          14    0.017492   0.0182231  0.00127459
          15      0.0169   0.0181349  0.00119267
          16    0.017932   0.0181222  0.00111819
          17    0.020658   0.0182714  0.00106232
          18    0.020078   0.0183718  0.00100803
          19    0.010828   0.0179747  0.00103021
          20    0.013062   0.0177291  0.00100755
           1    0.016284    0.016284           0
           2    0.015352    0.015818 0.000329512
           3    0.025736    0.019124  0.00270826
           4    0.021914   0.0198215  0.00211911
           5    0.021104    0.020078  0.00171074
           6    0.015808   0.0193663  0.00156667
           7    0.027174   0.0204817  0.00169399
           8    0.019296   0.0203335  0.00148872
           9    0.018952     0.02018  0.00133119
          10    0.020612   0.0202232  0.00119877
          11      0.0191   0.0201211  0.00109413
          12    0.024968    0.020525  0.00107493
          13     0.01699   0.0202531  0.00102606
          14    0.011204   0.0196067  0.00113829
          15    0.022412   0.0197937  0.00107766
          16    0.027446    0.020272  0.00111138
          17    0.017192   0.0200908  0.00106067
          18    0.018248   0.0199884  0.00100667
          19    0.024332   0.0202171 0.000979302
          20    0.020634   0.0202379 0.000930559
           1    0.030058    0.030058           0
           2     0.02405    0.027054  0.00212415
           3     0.02392   0.0260093  0.00165315
           4     0.03134    0.027342  0.00169389
           5      0.0257   0.0270136  0.00138658
           6    0.026674    0.026957  0.00115664
           7    0.028738   0.0272114    0.001019
           8    0.030144    0.027578 0.000955288
           9    0.030548    0.027908 0.000904349
          10    0.020972   0.0272144  0.00104663
          11    0.024914   0.0270053 0.000972148
          12    0.016012   0.0260892  0.00125037
          13    0.022984   0.0258503  0.00117679
          14    0.024524   0.0257556  0.00109654
          15    0.021526   0.0254736  0.00105907
          16    0.022384   0.0252805  0.00101033
          17    0.019752   0.0249553  0.00100187
          18    0.026766   0.0250559 0.000951245
          19    0.024222    0.025012 0.000902192
          20    0.020418   0.0247823 0.000885841
           1    0.026428    0.026428           0
           2     0.03025    0.028339  0.00135128
           3    0.032862   0.0298467  0.00152542
           4    0.023762   0.0283255  0.00174481
           5    0.027384   0.0281372  0.00140597
           6    0.029654     0.02839  0.00119415
           7    0.032726   0.0290094  0.00117327
           8    0.026922   0.0287485  0.00105522
           9    0.024874    0.028318  0.00102203
          10    0.017336   0.0272198  0.00138979
          11    0.028422   0.0273291  0.00126773
          12    0.028642   0.0274385   0.0011668
          13    0.032244   0.0278082  0.00113409
          14    0.031618   0.0280803  0.00108524
          15    0.032758   0.0283921  0.00105675
          16    0.026334   0.0282635 0.000998502
          17    0.029758   0.0283514 0.000943628
          18    0.035374   0.0287416 0.000968505
          19    0.033642   0.0289995 0.000951254
          20    0.028692   0.0289841 0.000903815
           1    0.040882    0.040882           0
           2     0.03259    0.036736  0.00293166
           3    0.029072   0.0341813  0.00285845
           4    0.024192    0.031684  0.00304525
           5    0.029262   0.0311996  0.00247443
           6    0.041922   0.0329867  0.00262931
           7     0.03065   0.0326529  0.00227479
           8      0.0354   0.0329963  0.00201619
           9    0.040318   0.0338098   0.0019494
          10     0.03998   0.0344268  0.00184953
          11    0.047116   0.0355804  0.00200918
          12    0.040392   0.0359813  0.00188134
          13    0.046556   0.0367948  0.00190437
          14    0.034228   0.0366114  0.00177715
          15     0.03251    0.036338  0.00167957
          16    0.035352   0.0362764  0.00157573
          17    0.048638   0.0370035  0.00164227
          18     0.03534   0.0369111  0.00155363
          19    0.035718   0.0368483  0.00147313
          20     0.03626   0.0368189  0.00139977
           1    0.053504    0.053504           0
           2    0.044942    0.049223  0.00302712
           3    0.045468   0.0479713   0.0022621
           4    0.058946    0.050715  0.00291961
           5    0.054764   0.0515248  0.00244542
           6    0.046546    0.050695  0.00217408
           7    0.041702   0.0494103  0.00221073
           8    0.041616    0.048436  0.00213833
           9    0.045296   0.0480871  0.00192899
          10    0.046742   0.0479526  0.00174077
          11    0.053532   0.0484598  0.00165477
          12    0.041012   0.0478392  0.00162911
          13    0.060122    0.048784  0.00175654
          14    0.052726   0.0490656  0.00165349
          15     0.05408   0.0493999  0.00157669
          16    0.047246   0.0492653  0.00148388
          17      0.0538    0.049532  0.00142037
          18    0.045574   0.0493121  0.00135837
          19    0.060758   0.0499145  0.00141416
          20    0.043428   0.0495902  0.00138015
           1    0.080594    0.080594           0
           2    0.077032    0.078813  0.00125936
           3    0.066166   0.0745973  0.00354299
           4     0.06797   0.0729405  0.00301989
           5    0.057068    0.069766  0.00372808
           6    0.079288    0.071353  0.00342792
           7    0.071794    0.071416  0.00293879
           8    0.079088    0.072375  0.00272343
           9    0.077876   0.0729862  0.00248847
          10    0.056892   0.0713768  0.00271056
          11    0.080492   0.0722055  0.00258771
          12    0.099006   0.0744388  0.00319359
          13    0.087362   0.0754329  0.00309879
          14    0.062066   0.0744781  0.00302096
          15    0.066234   0.0739285  0.00286912
          16    0.082488   0.0744635  0.00273922
          17    0.063096   0.0737948  0.00265845
          18     0.07794   0.0740251  0.00252072
          19    0.080188   0.0743495  0.00240883
          20    0.073264   0.0742952    0.002289
           1    0.073958    0.073958           0
           2    0.113844    0.093901   0.0141018
           3    0.098646   0.0954827  0.00948951
           4    0.104618   0.0977665  0.00738684
           5    0.112984     0.10081  0.00650632
           6    0.147648    0.108616  0.00895431
           7     0.12625    0.111135  0.00802165
           8    0.114554    0.111563  0.00703032
           9    0.116128     0.11207  0.00626744
          10     0.09752    0.110615  0.00580713
          11      0.1018    0.109814  0.00533422
          12     0.10415    0.109342  0.00491054
          13    0.091368    0.107959  0.00472343
          14    0.084044    0.106251  0.00468476
          15     0.10921    0.106448  0.00437659
          16    0.119978    0.107294  0.00418395
          17    0.094792    0.106558  0.00400194
          18    0.102126    0.106312  0.00378718
          19     0.10202    0.106086  0.00359459
          20    0.109194    0.106242  0.00341821
           1    0.201508    0.201508           0
           2    0.197946    0.199727  0.00125936
           3    0.179138    0.192864  0.00566616
           4    0.198948    0.194385  0.00444909
           5    0.226088    0.200726  0.00669559
           6    0.160984    0.194102  0.00822756
           7     0.20257    0.195312  0.00714057
           8    0.247272    0.201807  0.00871492
           9    0.164322    0.197642    0.008685
          10    0.181386    0.196016  0.00796718
          11    0.209836    0.197273  0.00734128
          12    0.184558    0.196213  0.00680554
          13    0.166002    0.193889  0.00666702
          14    0.202856     0.19453  0.00622149
          15    0.197218    0.194709  0.00580931
          16    0.213792    0.195902  0.00556732
          17    0.192446    0.195698  0.00524354
          18    0.191248    0.195451  0.00495805
          19    0.215692    0.196516  0.00481019
          20    0.225956    0.197988  0.00478961
           1    0.345672    0.345672           0
           2     0.43551    0.390591   0.0317625
           3    0.478132    0.419771   0.0318754
           4    0.499158    0.439618   0.0294439
           5     0.37001    0.425696   0.0266438
           6    0.435426    0.427318   0.0222524
           7    0.450912    0.430689   0.0193271
           8    0.483528    0.437294   0.0180045
           9     0.46171    0.440006   0.0162071
          10    0.396402    0.435646   0.0151616
          11    0.394332     0.43189   0.0142409
          12    0.434808    0.432133   0.0130562
          13    0.406914    0.430193   0.0121952
          14     0.45838    0.432207   0.0114891
          15    0.450118    0.433401    0.010785
          16      0.4497     0.43442   0.0101589
          17    0.490662    0.437728   0.0100857
          18    0.386974    0.434908  0.00991169
          19    0.524162    0.439606    0.010444
          20    0.442868    0.439769  0.00992312
           1    0.882662    0.882662           0
           2    0.908086    0.895374  0.00898874
           3    0.903526    0.898091  0.00639004
           4    0.953248     0.91188   0.0128676
           5    0.729882    0.875481   0.0341455
           6     0.94863    0.887672   0.0305537
           7    0.885186    0.887317   0.0261909
           8    0.883298    0.886815   0.0229219
           9    0.802008    0.877392   0.0222276
          10    0.939072     0.88356   0.0208431
          11    0.954776    0.890034   0.0199284
          12    0.871172    0.888462   0.0183296
          13    0.805872    0.882109    0.017987
          14    0.925764    0.885227   0.0169703
          15     0.93313    0.888421   0.0161366
          16    0.817378    0.883981   0.0157271
          17    0.897936    0.884802   0.0148234
          18    0.873974      0.8842   0.0140121
          19    0.946592    0.887484    0.013654
          20     0.84622    0.885421   0.0131262
