#   N_BLOCK:  ACCEPTANCE:
           14.737870e-01
           24.734182e-01
           34.737054e-01
           44.730199e-01
           54.730031e-01
           64.727417e-01
           74.727063e-01
           84.728573e-01
           94.728440e-01
          104.729314e-01
          114.727301e-01
          124.726423e-01
          134.726111e-01
          144.726160e-01
          154.725770e-01
          164.724756e-01
          174.725606e-01
          184.725150e-01
          194.726731e-01
          204.727185e-01
