#   N_BLOCK:  ACCEPTANCE:
           16.204144e-01
           26.189352e-01
           36.181979e-01
           46.179667e-01
           56.184167e-01
           66.184980e-01
           76.181209e-01
           86.182387e-01
           96.181509e-01
          106.179794e-01
          116.178167e-01
          126.177407e-01
          136.175496e-01
          146.173738e-01
          156.173113e-01
          166.173764e-01
          176.173297e-01
          186.172466e-01
          196.172134e-01
          206.171706e-01
