0                   397.47           446.736
1                  359.947           414.464
2                  346.413           381.552
3                  322.134           354.993
4                  309.273           332.969
5                  291.649           317.278
6                  277.448           302.632
7                  262.382           288.824
8                  254.459           274.438
9                  246.232           263.302
10                  239.258           255.423
11                  229.725           248.563
12                  220.818           239.354
13                  214.512           230.985
14                   209.12           221.927
15                  201.611           216.024
16                  191.053           209.526
17                   187.43           199.533
18                  181.457           194.816
19                  176.917           188.672
20                  170.978           182.331
21                   166.22            177.36
22                  160.252           174.081
23                  156.813           168.321
24                  151.854           166.253
25                  149.422           162.453
26                  143.642           156.969
27                  141.391           150.759
28                  139.461           146.098
29                  135.438           143.845
30                  134.083           143.525
31                  129.687             141.6
32                  126.633           139.711
33                  124.123           134.225
34                   122.02           130.743
35                  120.032            127.25
36                  117.687           124.322
37                  116.259           125.904
38                  114.671           124.712
39                  112.326           119.846
40                  111.253           120.959
41                   110.23           118.665
42                  109.143           116.924
43                   108.12           116.813
44                  107.511           115.774
45                   106.27             113.8
46                  104.511           111.425
47                  103.745           109.772
48                  102.097           106.988
49                   100.88           105.479
50                  98.6852           106.194
51                  98.3265           104.757
52                  97.5511           102.194
53                  96.9798           100.797
54                  95.8332           99.4082
55                  94.4984           98.6488
56                  93.5168           97.5569
57                  91.9562           96.3314
58                  90.8145           95.1634
59                  89.9527           93.6325
60                   88.457           92.4701
61                   88.306           96.7292
62                  87.3286           95.4371
63                  87.2076           96.5143
64                  86.9393           94.3631
65                  86.3079           91.1183
66                  85.9341           94.8492
67                  85.7665           93.9735
68                  84.9344           94.9728
69                   84.303           92.6708
70                  83.9473           94.0175
71                  83.6829           94.2502
72                  83.3707           90.0431
73                  83.3301           91.3728
74                  83.0495           89.1488
75                  82.6107           86.3445
76                  82.0316           85.7687
77                  82.0316           89.3793
78                   81.338           88.3936
79                  81.1914            89.685
80                  80.8176              90.9
81                  79.9839           87.4219
82                  79.3158           84.2172
83                  78.6876            82.032
84                  78.5602           81.6114
85                  78.5602           83.0627
86                  78.4649           82.6689
87                  78.1791           83.0481
88                  77.9585           82.1417
89                  77.9012           81.8184
90                  69.4569           80.9033
91                  69.4569           82.8627
92                  69.4569           77.8592
93                  69.4569           73.0021
94                  69.4569           71.6022
95                  69.3433           71.3871
96                  69.2427           71.2095
97                  68.6891           71.0577
98                  68.6043           70.8456
99                  68.6043           70.4785
100                  68.1384           70.1862
101                  68.0999           69.9943
102                  68.0999            69.715
103                  68.0214           69.6801
104                  67.8835           69.8201
105                  67.7342           69.9166
106                  67.7342           69.6307
107                  67.7342           69.6662
108                  67.7042           69.4602
109                  67.6718           69.4097
110                  67.6718           69.4879
111                  67.6145           69.4675
112                  67.6145           69.5653
113                  67.6145           69.4261
114                  67.6145           69.4226
115                  67.6145           69.4893
116                  67.6145           69.4612
117                  67.0385            69.399
118                  66.9854           69.3542
119                  66.9749           68.8182
120                  66.5851           68.6013
121                  66.5464           68.6003
122                  66.5464           68.2622
123                  66.5464           68.2738
124                  66.5464           68.1379
125                  66.5464             68.21
126                  66.5464           68.2921
127                  66.5464           68.2285
128                  66.5464           68.2345
129                  66.5464           68.3787
130                  66.5464           68.2038
131                  66.5464           68.1986
132                  66.5464           68.1302
133                  66.5464           68.1151
134                  66.5464           68.1052
135                  66.5464           68.2808
136                  66.5464           68.3203
137                  66.5464           68.1308
138                  66.5464           68.0901
139                  66.5464           68.0806
140                  66.5464           68.2904
141                  66.5464           68.3244
142                  66.5464           68.2572
143                  66.5464           68.1266
144                  66.5464           68.1887
145                  66.5464           68.2253
146                  66.5464           68.2737
147                  66.5464           68.1972
148                  66.5464           68.2077
149                  66.5464           68.2823
150                  66.4978           68.0186
151                  66.4978            68.321
152                  66.4978           68.1663
153                  66.4978           68.2327
154                  66.4978           68.2141
155                  66.4978           68.2316
156                  66.4978            68.219
157                  66.4978           68.2674
158                  66.4978           68.0589
159                  66.4978           68.0976
160                  66.4978           68.1217
161                  66.4978           68.1499
162                  66.4978            68.363
163                  66.4978           68.2716
164                  66.4978           68.2887
165                  66.4978           68.1973
166                  66.4978           68.1198
167                  66.4978           68.2205
168                  66.4978           68.4419
169                  66.4978           68.2007
170                  66.4978           68.0233
171                  66.4978           68.1012
172                  66.4978           68.3517
173                  66.4978           68.2409
174                  66.4978           68.3047
175                  66.4978           68.2846
176                  66.4978           68.1891
177                  66.4978           68.2592
178                  66.4978           68.3663
179                  66.4978           68.1103
180                  66.4978           68.1415
181                  66.4978           68.2961
182                  66.4978           68.2545
183                  66.4978           68.3117
184                  66.4978           68.1913
185                  66.4978           68.2741
186                  66.4978           68.1775
187                  66.4978           68.2146
188                  66.4978           68.1748
189                  66.4978           68.1468
190                  66.4978           68.0735
191                  66.4978           68.0361
192                  66.4978           68.0343
193                  66.4978           68.2009
194                  66.4978           68.4006
195                  66.4978           68.0736
196                  66.4978            68.095
197                  66.4978           68.1685
198                  66.4978           68.0484
199                  66.4978           68.1982
200                  66.4978           68.2696
201                  66.4978           68.2108
202                  66.4978           68.0982
203                  66.4978           68.3158
204                  66.4978           68.3214
205                  66.4978           68.3145
206                  66.4978           68.0981
207                  66.4978           68.2737
208                  66.4978           68.2335
209                  66.4978           68.2574
210                  66.4978           68.2925
211                  66.4978           68.1846
212                  66.4978           68.2103
213                  66.4978           68.1396
214                  66.4978           68.1144
215                  66.4978           68.0516
216                  66.4978           68.1941
217                  66.4978            68.126
218                  66.4978           68.1296
219                  66.4978           68.1782
220                  66.4978           68.2795
221                  66.4978           68.1404
222                  66.4978           68.2558
223                  66.4978           68.2267
224                  66.4978           68.3239
225                  66.4978           68.1193
226                  66.4978            68.107
227                  66.4978           68.2269
228                  66.4978           68.1126
229                  66.4978           68.0811
230                  66.4978           68.3779
231                  66.4978           68.3727
232                  66.4978           68.4751
233                  66.4978           68.1781
234                  66.4978           68.1883
235                  66.4978           68.1452
236                  66.4978           68.2784
237                  66.4978           68.2781
238                  66.4978            68.378
239                  66.4978           68.1661
240                  66.2043           68.2488
241                  66.2043           68.2357
242                  66.2043           68.1635
243                  66.2043           68.0303
244                  66.2043           68.0994
245                  66.2043           67.8657
246                  66.2043           67.8877
247                  66.2043            67.875
248                  66.2043           67.8922
249                  66.2043            68.073
250                  66.2043           68.1202
251                  66.2043           67.9674
252                  66.2043           68.0233
253                  66.2043           67.9889
254                  66.2043           67.9978
255                  66.2043            68.019
256                  66.2043           67.8991
257                  66.2043           67.8265
258                  66.2043           67.9512
259                  66.2043           67.7551
260                  66.2043           67.9933
261                  66.2043           67.7961
262                  66.2043           67.7684
263                  66.2043            68.041
264                  66.2043           68.1246
265                  66.2043           68.0354
266                  66.2043           68.1512
267                  66.2043           67.8068
268                  66.2043            67.824
269                  66.2043           67.8737
270                  66.2043           67.7932
271                  66.2043           67.9922
272                  66.2043           68.0187
273                  66.2043           68.0841
274                  66.2043           67.8506
275                  66.2043           68.0858
276                  66.2043            67.803
277                  66.2043            67.838
278                  66.2043           67.8234
279                  66.2043           67.9261
280                  66.2043           67.8163
281                  66.2043           67.9658
282                  66.2043           68.1362
283                  66.2043           67.9573
284                  66.2043           67.9108
285                  66.2043           67.9334
286                  66.2043           67.8847
287                  66.2043           67.9508
288                  66.2043           67.9442
289                  66.2043             67.76
290                  66.2043           67.7498
291                  66.2043           67.9404
292                  66.2043           67.8595
293                  66.2043           68.0008
294                  66.2043           68.0269
295                  66.2043           67.8596
296                  66.2043           67.7738
297                  66.2043           67.7629
298                  66.2043           67.7534
299                  66.2043           67.7511
300                  66.2043           67.9711
301                  66.2043           68.0888
302                  66.2043           67.8271
303                  66.2043           67.8767
304                  66.2043            67.931
305                  66.2043           67.8365
306                  66.2043           68.1436
307                  66.2043           68.0689
308                  66.2043           68.0439
309                  66.2043           67.9525
310                  66.2043           67.8495
311                  66.2043           68.0119
312                  66.2043           67.8811
313                  66.2043           67.9527
314                  66.2043           67.9714
315                  66.2043           68.0329
316                  66.2043           67.8636
317                  66.2043           67.7276
318                  66.2043           67.8016
319                  66.2043           67.8555
320                  66.2043           67.7903
321                  66.2043           68.1018
322                  66.2043           68.0884
323                  66.2043           68.1926
324                  66.2043           67.9776
325                  66.2043           67.9748
326                  66.2043           67.9696
327                  66.2043           67.7899
328                  66.2043           67.9695
329                  66.2043            67.917
330                  66.2043            67.816
331                  66.2043           68.0137
332                  66.2043            67.902
333                  66.2043           67.9774
334                  66.2043           67.8652
335                  66.2043           67.8737
336                  66.2043           67.9718
337                  66.2043             67.94
338                  66.2043            68.058
339                  66.2043           67.9912
340                  66.2043           67.9748
341                  66.2043           67.8485
342                  66.2043           67.8348
343                  66.2043           67.7342
344                  66.2043           68.0742
345                  66.2043           67.9746
346                  66.2043           68.0237
347                  66.2043           67.8503
348                  66.2043           67.8884
349                  66.2043           67.9192
350                  66.2043           67.9962
351                  66.2043           67.8964
352                  66.2043           67.8873
353                  66.2043           68.1017
354                  66.2043           67.9542
355                  66.2043           67.9381
356                  66.2043           67.9991
357                  66.2043           67.9953
358                  66.2043           68.0428
359                  66.2043           68.0365
360                  66.2043           67.9921
361                  66.2043           67.8887
362                  66.2043            68.071
363                  66.2043           68.0176
364                  66.2043           67.9933
365                  66.2043           67.8845
366                  66.2043           67.9537
367                  66.2043           67.8863
368                  66.2043           67.8155
369                  66.2043           67.9567
370                  66.2043           67.9766
371                  66.2043           68.0282
372                  66.2043           67.9044
373                  66.2043           68.0546
374                  66.2043            67.934
375                  66.2043           68.0155
376                  66.2043           67.7687
377                  66.2043           67.8449
378                  66.2043           67.7818
379                  66.2043           67.8149
380                  66.2043           67.9286
381                  66.2043            67.803
382                  66.2043           67.8537
383                  66.2043           67.7647
384                  66.2043           67.8659
385                  66.2043           68.0142
386                  66.2043           67.9275
387                  66.2043            68.074
388                  66.2043           68.0473
389                  66.2043           67.8226
390                  66.2043           67.9627
391                  66.2043           67.7882
392                  66.2043           67.8386
393                  66.2043            67.942
394                  66.2043           68.0253
395                  66.2043           67.8446
396                  66.2043           67.9414
397                  66.2043           67.9824
398                  66.2043           68.0376
399                  66.2043           68.0155
400                  66.2043           67.9706
401                  66.2043           67.9155
402                  66.2043           67.9459
403                  66.2043           67.8735
404                  66.2043           68.0305
405                  66.2043           67.7441
406                  66.2043           67.9149
407                  66.2043           68.0349
408                  66.2043           68.0814
409                  66.2043            67.984
410                  66.2043            67.964
411                  66.2043           67.9569
412                  66.2043           67.8812
413                  66.2043           67.8654
414                  66.2043           67.9681
415                  66.2043           68.0117
416                  66.2043           67.8904
417                  66.2043           67.9047
418                  66.2043           67.7291
419                  66.2043           67.7952
420                  66.2043           67.7515
421                  66.2043           67.8133
422                  66.2043           67.8042
423                  66.2043           67.9155
424                  66.2043           67.9648
425                  66.2043           67.9517
426                  66.2043           67.8861
427                  66.2043            67.971
428                  66.2043           68.0398
429                  66.2043           67.9102
430                  66.2043           67.9054
431                  66.2043           68.1045
432                  66.2043            68.032
433                  66.2043           67.8937
434                  66.2043           68.0725
435                  66.2043           68.0696
436                  66.2043           67.8655
437                  66.2043           67.9174
438                  66.2043           67.9692
439                  66.2043           68.0005
440                  66.2043           67.8196
441                  66.2043           67.9639
442                  66.2043           67.9273
443                  66.2043            67.838
444                  66.2043           67.9118
445                  66.2043           68.0778
446                  66.2043           68.0101
447                  66.2043           67.8842
448                  66.2043           67.8985
449                  66.2043           67.8135
450                  66.2043           67.9653
451                  66.2043           67.7954
452                  66.2043           67.8964
453                  66.2043           67.8012
454                  66.2043            68.004
455                  66.2043           67.9293
456                  66.2043            68.012
457                  66.2043           67.9782
458                  66.2043            67.997
459                  66.2043           67.9432
460                  66.2043            67.986
461                  66.2043           68.0018
462                  66.2043            68.047
463                  66.2043            67.881
464                  66.2043           67.8152
465                  66.2043           67.9198
466                  66.2043           67.9418
467                  66.2043           67.9255
468                  66.2043           67.8527
469                  66.2043           67.9128
470                  66.2043           67.9209
471                  66.2043           67.9909
472                  66.2043           67.8992
473                  66.2043           67.9307
474                  66.2043           67.8564
475                  66.2043           67.8405
476                  66.2043           67.8452
477                  66.2043           67.8551
478                  66.2043           67.7594
479                  66.2043           67.6798
480                  66.2043           67.8537
481                  66.2043           68.0203
482                  66.2043           68.0516
483                  66.2043           67.8632
484                  66.2043           67.7336
485                  66.2043           67.7213
486                  66.2043           67.7969
487                  66.2043           67.8926
488                  66.2043           67.8429
489                  66.2043           67.8486
490                  66.2043           67.9916
491                  66.2043           67.9026
492                  66.2043           67.8813
493                  66.2043           67.9541
494                  66.2043           67.9097
495                  66.2043           67.9127
496                  66.2043            68.028
497                  66.2043           67.9466
498                  66.2043           67.8839
499                  66.2043           67.9975
500                  66.2043           67.9064
501                  66.2043           67.8951
502                  66.2043           67.8872
503                  66.2043           67.7334
504                  66.2043           67.8699
505                  66.2043           67.9199
506                  66.2043           67.7399
507                  66.2043           67.7339
508                  66.2043           67.9514
509                  66.2043           67.7271
510                  66.2043           67.9145
511                  66.2043           68.0432
512                  66.2043           67.9721
513                  66.2043           68.0173
514                  66.2043           67.9595
515                  66.2043           68.0256
516                  66.2043           68.0946
517                  66.2043           68.0837
518                  66.2043           67.9299
519                  66.2043            68.036
520                  66.2043           67.7865
521                  66.2043           67.8528
522                  66.2043           67.9962
523                  66.2043           67.9225
524                  66.2043            67.927
525                  66.2043           68.0531
526                  66.2043           67.9632
527                  66.2043           68.0041
528                  66.2043           67.9897
529                  66.2043           68.0954
530                  66.2043           68.0536
531                  66.2043           67.9152
532                  66.2043           68.0533
533                  66.2043           67.8726
534                  66.2043           67.8528
535                  66.2043           67.9036
536                  66.2043            67.841
537                  66.2043           67.8481
538                  66.2043           68.1343
539                  66.2043           68.1764
540                  66.2043           67.8888
541                  66.2043           68.0166
542                  66.2043           67.9044
543                  66.2043           67.9669
544                  66.2043           67.8911
545                  66.2043           67.8797
546                  66.2043           67.7306
547                  66.2043           67.9639
548                  66.2043           67.9233
549                  66.2043           67.9058
550                  66.2043            68.071
551                  66.2043           67.9782
552                  66.2043           67.8598
553                  66.2043           67.8849
554                  66.2043           68.0687
555                  66.2043           67.9297
556                  66.2043           67.9721
557                  66.2043                68
558                  66.2043           67.8996
559                  66.2043           68.0256
560                  66.2043           68.0348
561                  66.2043           67.9627
562                  66.2043            67.768
563                  66.2043           67.8944
564                  66.2043           67.8236
565                  66.2043           67.9001
566                  66.2043           67.8194
567                  66.2043           68.0263
568                  66.2043           67.9142
569                  66.2043           67.7462
570                  66.2043           67.8044
571                  66.2043           67.9892
572                  66.2043           68.0533
573                  66.2043           67.8473
574                  66.2043           67.9643
575                  66.2043           67.9947
576                  66.2043           67.8214
577                  66.2043           67.9792
578                  66.2043            68.105
579                  66.2043            67.886
580                  66.2043           67.8335
581                  66.2043           67.9741
582                  66.2043           67.9115
583                  66.2043           67.7823
584                  66.2043           67.9631
585                  66.2043           68.0288
586                  66.2043           68.0371
587                  66.2043           68.0534
588                  66.2043           68.0196
589                  66.2043           67.8661
590                  66.2043           67.8591
591                  66.2043           67.8606
592                  66.2043           67.8765
593                  66.2043           67.8397
594                  66.2043           67.9352
595                  66.2043           67.7591
596                  66.2043           67.7675
597                  66.2043            67.853
598                  66.2043           67.8719
599                  66.2043           67.8163
600                  66.2043           67.9323
601                  66.2043           68.0574
602                  66.2043           67.9393
603                  66.2043           67.8782
604                  66.2043           67.7856
605                  66.2043           67.9502
606                  66.2043           67.8852
607                  66.2043            67.832
608                  66.2043           68.0191
609                  66.2043           67.9472
610                  66.2043           67.9453
611                  66.2043           67.7442
612                  66.2043           67.9118
613                  66.2043           67.9267
614                  66.2043           67.9075
615                  66.2043           67.7881
616                  66.2043           67.9475
617                  66.2043           67.9488
618                  66.2043           67.9364
619                  66.2043           67.9281
620                  66.2043           68.0087
621                  66.2043           67.8857
622                  66.2043           68.0491
623                  66.2043           67.9398
624                  66.2043           67.9245
625                  66.2043           68.0785
626                  66.2043           68.0119
627                  66.2043           67.9822
628                  66.2043           67.8742
629                  66.2043           67.7607
630                  66.2043           67.7572
631                  66.2043            67.871
632                  66.2043           67.9839
633                  66.2043            68.072
634                  66.2043           67.9964
635                  66.2043           67.7398
636                  66.2043           68.1441
637                  66.2043           67.9094
638                  66.2043           67.8456
639                  66.2043           67.9315
640                  66.2043           67.9845
641                  66.2043           67.9729
642                  66.2043           67.9102
643                  66.2043           67.9521
644                  66.2043            67.992
645                  66.2043           67.9109
646                  66.2043           67.9521
647                  66.2043           67.9513
648                  66.2043           67.8027
649                  66.2043           67.8374
650                  66.2043            67.916
651                  66.2043           67.9851
652                  66.2043            67.862
653                  66.2043           68.0089
654                  66.2043           67.9733
655                  66.2043           67.9538
656                  66.2043           68.0254
657                  66.2043           68.1338
658                  66.2043           67.9755
659                  66.2043           67.8371
660                  66.2043           67.9309
661                  66.2043           67.8733
662                  66.2043           68.0332
663                  66.2043           68.0758
664                  66.2043             68.09
665                  66.2043           68.0619
666                  66.2043           67.9856
667                  66.2043           68.0663
668                  66.2043            67.835
669                  66.2043           67.8229
670                  66.2043           67.8955
671                  66.2043           67.8464
672                  66.2043           67.8918
673                  66.2043           67.9166
674                  66.2043           67.9446
675                  66.2043           68.0494
676                  66.2043           67.9692
677                  66.2043            67.916
678                  66.2043           68.0297
679                  66.2043           67.8819
680                  66.2043           68.0492
681                  66.2043           68.0296
682                  66.2043           67.9532
683                  66.2043           67.9942
684                  66.2043           68.0685
685                  66.2043           67.8255
686                  66.2043           67.9491
687                  66.2043           67.8284
688                  66.2043           67.7952
689                  66.2043           67.9482
690                  66.2043           67.8928
691                  66.2043           67.9294
692                  66.2043           68.0218
693                  66.2043           68.1162
694                  66.2043           67.9516
695                  66.2043           67.9635
696                  66.2043           67.8609
697                  66.2043            67.851
698                  66.2043            67.958
699                  66.2043           67.9745
700                  66.2043           67.9388
701                  66.2043           67.7966
702                  66.2043           68.0608
703                  66.2043           67.9868
704                  66.2043            67.949
705                  66.2043           67.9718
706                  66.2043            67.901
707                  66.2043           67.9627
708                  66.2043           68.1158
709                  66.2043           67.9078
710                  66.2043           67.9074
711                  66.2043           67.9549
712                  66.2043           68.1175
713                  66.2043           67.9422
714                  66.2043           67.7554
715                  66.2043           67.8486
716                  66.2043           68.0181
717                  66.2043           67.8449
718                  66.2043           67.8862
719                  66.2043            67.872
720                  66.1599           67.8169
721                  66.1599           67.8924
722                  66.1599           67.7052
723                  66.1599           67.8583
724                  66.1599           67.9639
725                  66.1599           67.7929
726                  66.1599           67.7771
727                  66.1599           68.0257
728                  66.1599           67.8718
729                  66.1599           67.9954
730                  66.1599           67.9521
731                  66.1599           67.9187
732                  66.1599            67.858
733                  66.1599            67.934
734                  66.1599           67.7414
735                  66.1599           67.9294
736                  66.1599           67.8001
737                  66.1599           67.9068
738                  66.1599           67.9564
739                  66.1599           67.8877
740                  66.1599           67.8826
741                  66.1599           67.9329
742                  66.1599           67.7579
743                  66.1599           68.0789
744                  66.1599           68.0691
745                  66.1599           68.0997
746                  66.1599            67.914
747                  66.1599            67.917
748                  66.1599           67.9426
749                  66.1599           68.0419
750                  66.1599           67.8833
751                  66.1599           67.8581
752                  66.1599           67.6746
753                  66.1599           67.7902
754                  66.1599           67.8207
755                  66.1599           67.7419
756                  66.1599           67.8751
757                  66.1599           67.7984
758                  66.1599           67.8363
759                  66.1599           67.8462
760                  66.1599           67.9003
761                  66.1599           67.7777
762                  66.1599           68.0234
763                  66.1599           67.7897
764                  66.1599            68.005
765                  66.1599           68.0497
766                  66.1599           67.8897
767                  66.1599           67.8122
768                  66.1599           67.8075
769                  66.1599           67.9091
770                  66.1599            67.862
771                  66.1599           67.7753
772                  66.1599           67.7311
773                  66.1599           67.8558
774                  66.1599           67.8934
775                  66.1599           67.9315
776                  66.1599            67.964
777                  66.1599            67.886
778                  66.1599           67.7998
779                  66.1599           67.7951
780                  66.1599           67.8542
781                  66.1599            67.981
782                  66.1599           68.0343
783                  66.1599           68.1361
784                  66.1599           67.8931
785                  66.1599           67.8902
786                  66.1599           67.7804
787                  66.1599           67.8104
788                  66.1599           67.7261
789                  66.1599           67.7443
790                  66.1599            67.798
791                  66.1599           67.8492
792                  66.1599            67.927
793                  66.1599           67.8486
794                  66.1599           67.7495
795                  66.1599           67.6683
796                  66.1599           67.7125
797                  66.1599           67.7387
798                  66.1599           67.9784
799                  66.1599            67.828
800                  66.1599           67.8329
801                  66.1599           67.9747
802                  66.1599           67.9567
803                  66.1599           68.1153
804                  66.1599           67.9428
805                  66.1599           67.8991
806                  66.1599            67.922
807                  66.1599           67.7281
808                  66.1599           67.9706
809                  66.1599           67.8521
810                  66.1599           67.7737
811                  66.1599           67.6638
812                  66.1599           67.6211
813                  66.1599           67.8887
814                  66.1599           67.6858
815                  66.1599           67.7454
816                  66.1599              67.8
817                  66.1599           67.7928
818                  66.1599           67.8224
819                  66.1599           67.8545
820                  66.1599           67.8567
821                  66.1599           67.8198
822                  66.1599           67.8664
823                  66.1599           67.7459
824                  66.1599           67.8539
825                  66.1599           67.8662
826                  66.1599           67.9644
827                  66.1599           67.9699
828                  66.1599           67.8834
829                  66.1599            67.805
830                  66.1599           67.8005
831                  66.1599           67.8494
832                  66.1599           67.9114
833                  66.1599           67.7212
834                  66.1599           67.8046
835                  66.1599           67.9175
836                  66.1599           67.8094
837                  66.1599           67.9804
838                  66.1599           67.7752
839                  66.1599           67.9658
840                  66.1599           67.8261
841                  66.1599           67.8149
842                  66.1599           67.9133
843                  66.1599           67.8909
844                  66.1599           67.7692
845                  66.1599           67.6507
846                  66.1599           67.7957
847                  66.1599           67.7716
848                  66.1599           67.8975
849                  66.1599           67.8996
850                  66.1599           67.7491
851                  66.1599           67.9495
852                  66.1599           67.8785
853                  66.1599           67.8816
854                  66.1599           67.8104
855                  66.1599           67.8412
856                  66.1599           67.7664
857                  66.1599           67.8555
858                  66.1599           67.7906
859                  66.1599           67.9718
860                  66.1599            67.864
861                  66.1599           67.9532
862                  66.1599           67.7909
863                  66.1599           67.9824
864                  66.1599           67.9699
865                  66.1599           67.8974
866                  66.1599           68.0355
867                  66.1599           67.9451
868                  66.1599           67.9377
869                  66.1599           67.9629
870                  66.1599           68.0847
871                  66.1599           67.9718
872                  66.1599            67.873
873                  66.1599           67.9096
874                  66.1599           67.8966
875                  66.1599           67.8276
876                  66.1599           67.6728
877                  66.1599           67.8828
878                  66.1599           67.8657
879                  66.1599            67.803
880                  66.1599           67.7384
881                  66.1599            67.842
882                  66.1599           67.9491
883                  66.1599           67.7383
884                  66.1599            67.759
885                  66.1599           67.8128
886                  66.1599            67.645
887                  66.1599           67.8062
888                  66.1599           67.8775
889                  66.1599           67.9109
890                  66.1599            67.944
891                  66.1599           67.9393
892                  66.1599           68.0116
893                  66.1599           67.9396
894                  66.1599            67.902
895                  66.1599           68.0232
896                  66.1599           68.0257
897                  66.1599           67.9614
898                  66.1599           67.8249
899                  66.1599           67.9529
900                  66.1599           67.9362
901                  66.1599           67.9824
902                  66.1599           67.9271
903                  66.1599           67.8232
904                  66.1599           67.8273
905                  66.1599           67.9435
906                  66.1599            67.935
907                  66.1599           67.9282
908                  66.1599            67.869
909                  66.1599             67.74
910                  66.1599           67.6819
911                  66.1599           67.7316
912                  66.1599           67.7756
913                  66.1599           67.9444
914                  66.1599           68.0163
915                  66.1599           67.7625
916                  66.1599           67.7451
917                  66.1599           67.8271
918                  66.1599           67.8514
919                  66.1599           67.8751
920                  66.1599            67.771
921                  66.1599           68.0621
922                  66.1599           68.0475
923                  66.1599            67.934
924                  66.1599           67.8673
925                  66.1599           67.8501
926                  66.1599           67.9256
927                  66.1599           67.7612
928                  66.1599           67.9443
929                  66.1599           67.8332
930                  66.1599           67.7994
931                  66.1599           67.9252
932                  66.1599           67.7863
933                  66.1599           67.8896
934                  66.1599           67.7879
935                  66.1599           67.7733
936                  66.1599           67.7824
937                  66.1599           67.6621
938                  66.1599           67.6782
939                  66.1599           67.7971
940                  66.1599           67.8082
941                  66.1599           68.0128
942                  66.1599           67.8809
943                  66.1599           67.7862
944                  66.1599           67.7382
945                  66.1599           67.6821
946                  66.1599           67.7781
947                  66.1599           67.9871
948                  66.1599           67.8421
949                  66.1599           67.9796
950                  66.1599           67.8777
951                  66.1599           67.8473
952                  66.1599           67.7945
953                  66.1599           67.8779
954                  66.1599           67.7807
955                  66.1599           68.2893
956                  66.1599           68.0174
957                  66.1599           68.0506
958                  66.1599           67.9211
959                  66.1599           67.9628
960                  66.1599           67.9476
961                  66.1599           67.8154
962                  66.1599           67.8375
963                  66.1599           67.7855
964                  66.1599           67.6877
965                  66.1599           67.8544
966                  66.1599           67.8647
967                  66.1599           67.8563
968                  66.1599           67.8087
969                  66.1599            68.141
970                  66.1599           67.8644
971                  66.1599           67.8653
972                  66.1599           67.8414
973                  66.1599           68.0518
974                  66.1599           67.7859
975                  66.1599           67.7174
976                  66.1599           67.9688
977                  66.1599           67.8442
978                  66.1599           67.8979
979                  66.1599           67.9125
980                  66.1599           67.8218
981                  66.1599           67.6211
982                  66.1599           67.9177
983                  66.1599           67.8729
984                  66.1599           67.7128
985                  66.1599           67.9225
986                  66.1599           67.8993
987                  66.1599           67.7405
988                  66.1599            67.957
989                  66.1599           68.0045
990                  66.1599           67.9747
991                  66.1599           67.9672
992                  66.1599           68.0812
993                  66.1599            67.882
994                  66.1599           67.8404
995                  66.1599           67.8262
996                  66.1599           67.8913
997                  66.1599           67.9024
998                  66.1599           67.9456
999                  66.1599           67.8917
