0.49824
-0.180985
-0.293715
0.40403
-0.3182
0.0821844
1.24239
0.900237
-1.33929
0.425632
-0.298216
-0.371271
1.00661
-0.24079
0.588309
0.637024
1.46442
1.91493
0.208454
-0.966123
1.49654
0.408543
-1.47858
1.87766
-1.17105
-0.269643
-0.475444
0.992346
-0.927262
0.945763
0.56404
0.26981
-0.239041
0.487977
0.753256
0.697566
-0.162503
0.728269
-0.000714374
0.050226
0.974138
-0.745324
1.14504
-0.0763528
-0.366945
1.68251
-0.0565978
-0.693118
-0.672504
0.673403
-0.529485
1.50152
0.0469278
0.476857
1.40193
1.6196
1.583
1.18119
-0.575621
1.03192
1.09897
0.291024
-1.66387
-0.531204
1.13089
-0.926278
-0.652924
0.999807
0.407233
0.849517
0.386088
0.409253
-0.36988
1.17589
0.719076
0.609502
1.50512
-0.276313
0.366155
-1.42507
0.0807014
1.36432
0.207609
0.324274
-1.1903
0.667188
0.91624
1.21007
-0.772374
0.338388
2.03756
0.799283
-0.659938
0.556199
-0.680287
1.08199
-0.970377
-0.22957
0.512354
0.642743
-0.638761
-1.08782
-1.09815
-1.63567
-0.764229
-0.379511
1.05563
-1.04545
0.809792
0.841202
-0.593909
0.416608
-1.17795
0.451211
1.36338
-0.0529111
0.930986
-0.515724
-0.677835
0.587952
-0.889716
1.5704
-0.971137
0.132817
-0.637911
-1.26917
-0.164342
1.22729
0.679247
-0.925884
-0.368458
0.242618
-0.596016
-0.297362
1.57072
-0.771848
1.54601
0.852939
0.329162
1.23019
-0.137618
0.543089
0.386081
-0.0932554
1.18067
0.748599
0.616104
-0.995698
0.399882
-0.807439
-1.37015
-0.278578
0.89101
1.08616
0.814259
1.38429
1.94212
0.689193
-0.586397
1.4952
-0.727527
-0.756163
-1.3801
-0.469295
1.19905
1.60503
-0.554659
0.104692
0.750124
-0.917982
-0.952279
1.25865
-0.576251
-0.918175
0.252095
-1.56409
-0.692978
-0.955658
0.730193
-1.0658
0.982153
0.148758
-0.738878
-0.459096
0.0788802
-0.976111
0.561973
-0.0287695
0.947826
-1.43535
-0.294282
-0.0129331
-0.961623
0.342649
1.24193
0.207595
0.838236
-1.11241
-1.01596
-0.563556
-1.21025
0.71012
-0.84072
-0.43311
-0.0800263
0.346881
0.829063
0.243923
0.878743
1.03367
-0.810854
-0.250821
-1.51644
1.40953
0.2845
-1.15036
-1.47158
0.96033
1.93122
1.07589
0.244361
0.85361
0.662597
-0.825057
0.929034
0.214642
1.07493
0.39279
1.42466
-0.0717493
0.987811
0.468647
0.243529
1.24402
-1.74516
-0.479561
-0.166644
-0.256792
0.862527
-1.14019
-0.0436964
-1.25727
0.234071
0.851835
-0.31409
1.44661
-0.0884154
0.240506
-0.0471055
-1.3721
-0.95448
1.0564
0.990335
0.556013
0.223084
-1.18214
1.06097
-0.866066
0.567147
0.218981
-0.806814
0.755734
0.749465
-0.301856
-1.28539
0.132835
-0.699857
-0.619386
-1.1338
1.0343
0.17908
-0.343735
0.515605
1.41592
-0.51214
1.0353
0.115966
-0.483536
1.08713
0.105948
1.29159
-0.551127
1.40033
0.593542
-0.672402
-0.534797
-0.853644
1.36806
-0.170905
-0.990531
-0.530338
1.1723
0.406683
0.0896324
-1.39358
-0.817921
0.7029
-0.39804
1.7135
0.786283
0.546615
-0.103732
-0.410724
1.9564
-0.652567
-0.33395
-0.554206
-1.78106
-0.0579992
-0.460127
-0.161106
0.27142
0.509428
-0.464657
0.267781
-1.33529
1.25802
0.0353294
0.123252
0.306761
1.0349
-1.10146
0.0842393
-1.38139
1.3454
-0.473547
1.12754
0.869553
0.160128
2.07127
-0.716123
-0.24447
-0.796388
-1.11606
-0.110227
0.827949
-1.81951
1.45
0.218644
1.29047
1.4602
1.67116
-1.74672
1.65459
1.1725
-0.426903
1.37464
0.885374
1.04434
1.16222
1.44266
-0.335459
-1.0368
0.783443
-1.3596
-0.762816
1.43593
0.253826
-1.53507
-0.323688
-1.39743
0.384426
0.528948
-0.270919
-0.840707
-0.515381
-0.376816
0.215637
-0.748683
-0.551191
-1.05874
0.978788
0.386402
0.780205
1.10081
0.144454
0.97943
0.520449
0.601941
0.0386573
-0.138367
-1.22416
0.777969
1.44185
1.04164
-1.20363
1.25749
0.440425
-0.417428
-0.683964
1.32577
0.415383
-0.234955
-0.528423
-0.821011
-0.0327219
1.30721
1.28439
0.885056
0.183772
0.756221
-0.911285
0.173017
0.530542
1.74117
-0.888165
0.377455
-0.985891
-1.25837
0.694814
0.791439
1.0355
0.40146
1.473
-0.949439
1.07013
-1.3915
1.11845
-0.612769
-0.918862
0.809901
0.759261
-1.37702
1.52365
-0.0989927
-0.803332
-0.47931
-0.128082
0.501673
-1.28714
-0.779713
0.218601
0.873541
-0.526034
-1.3303
0.959955
-0.215075
1.25211
0.677347
0.39214
-0.387821
-0.619924
0.743542
0.602494
0.682264
0.220041
-0.786247
0.914302
-1.39313
-0.231506
-0.98102
-0.918029
0.372269
0.102549
-0.379399
-0.506632
0.868605
-1.70029
-0.0645973
0.491685
1.68007
0.583246
0.104135
1.76599
0.226337
0.295561
0.989273
0.567491
-1.03467
-0.310372
-1.16525
0.0190854
-0.379517
-0.513518
0.527665
1.18683
0.741224
0.160576
-0.983333
0.415121
-0.08626
-1.67211
0.537935
-0.933216
-0.762656
-0.148756
-0.734947
-0.802156
-0.797923
1.00148
-0.736436
1.40558
-0.859694
-1.11452
-1.21671
0.208725
0.953597
0.681065
0.967402
-0.797161
0.364255
0.293266
-1.25457
-0.469766
-0.283118
-0.967506
0.423145
-0.744325
-1.84589
1.5443
1.06439
1.11411
0.0997298
-1.09042
-0.238152
-0.740993
-1.16356
-0.754194
-0.0344449
-1.12248
0.410517
0.545916
1.07443
1.30286
-1.38384
-0.310999
-0.755074
-0.735641
0.464661
-0.212814
0.547051
-1.18435
-0.676019
2.23911
0.796539
0.279189
-0.618194
-0.729546
1.19168
0.535863
1.18746
0.858042
1.0704
1.12614
1.01244
-0.912463
-0.225316
0.859044
-1.08369
-0.50398
-0.123764
-0.886306
0.301873
-0.97216
0.628646
0.49226
0.508384
-1.44498
-0.050618
-1.23625
-0.171134
-1.27038
-0.684489
1.37372
0.698303
-1.53032
0.0416181
0.235383
-0.517713
1.2509
-0.779347
0.720395
0.196983
0.848821
0.127741
1.12327
1.30793
-0.312561
0.525532
0.671718
0.572053
-0.703135
0.763674
-0.650216
-0.830998
-0.529775
-0.919272
1.14994
0.565827
-0.760058
0.629195
-0.455409
0.789868
-0.276358
0.930627
-0.131575
-0.319023
0.730123
0.501714
0.352852
-1.28959
0.494296
0.419326
-1.0023
0.453874
-0.0185015
0.167098
-1.15569
-0.822918
-0.16506
-0.915698
0.199009
-1.33611
-0.870785
1.6829
-0.260586
-0.750893
0.523725
-0.544971
1.08021
0.238034
0.637053
0.390834
-0.313204
-0.485466
-0.591662
-0.926388
-0.220645
0.972717
1.22226
0.956523
-0.299211
0.76983
0.34237
1.69974
-1.20017
-0.726121
0.0694468
-0.436123
1.68527
1.3401
0.804293
-0.999148
0.117597
0.204998
0.775958
0.00865407
0.299189
1.11479
1.30174
0.115683
-0.984316
-0.552677
-0.547387
-1.43948
0.793396
0.748019
0.141023
0.525643
0.70335
0.0795687
-0.604885
-0.19667
-0.494348
1.51638
0.822782
-0.592815
-1.27889
-0.135259
0.902853
0.852956
0.792757
0.367882
-0.414819
-0.25892
-0.451405
-0.169138
-0.327912
-1.07847
-0.314911
0.0590193
0.158899
1.21527
0.0149047
-0.139007
-0.554403
-0.593706
1.31493
0.135456
0.462749
1.05117
-0.235499
-0.764542
0.411395
-1.01284
-0.997862
-0.127577
0.704227
-0.794279
-0.772223
1.05828
-0.200711
0.412418
1.25727
-1.10022
0.1983
-1.13628
-1.06603
0.968705
-1.32289
-1.06556
0.640904
-0.668306
-0.677949
1.06615
0.430701
-1.42152
-0.490286
0.427529
0.982763
-0.331855
1.09989
-0.37499
-1.09356
-0.153452
0.893609
-0.0573724
-0.305369
0.535136
1.64084
0.708668
0.575202
-1.2882
-1.33963
-0.228217
-1.22132
-0.0762334
0.910956
-1.05545
-0.154695
0.849355
0.842597
-1.06041
0.883716
0.188927
-0.349788
-0.0715798
0.0590048
-1.17301
-0.903
-0.264766
1.41341
-0.0879488
-0.878803
0.626995
1.19576
0.123837
-1.12181
1.05461
0.978035
-0.952846
1.49135
1.23876
0.195082
1.06791
-0.224429
0.518258
-0.679638
-0.84891
1.18429
-1.36568
-0.756291
-0.234893
-0.969639
-0.508657
-0.512974
1.18297
0.0937756
-0.0156169
1.35066
-0.699625
-0.339449
0.186385
0.834365
1.14126
-0.569048
1.67172
0.758468
-0.482755
-1.3103
0.244471
0.772095
-0.454357
-0.687723
-0.790015
0.205026
-1.42875
0.178429
-0.197721
1.0885
-0.952715
1.15385
0.890517
-0.949459
-0.342756
-0.345341
1.2955
-0.113508
-0.867341
1.17904
-0.593856
-1.32948
1.57593
-0.78679
-0.751306
-0.243751
-0.838733
-0.266652
0.219822
0.114425
-0.168229
-0.219816
-0.327514
-0.375142
-0.283527
-0.759107
-0.391371
1.13741
1.1193
-1.01259
-1.47878
-0.775445
-0.697895
0.576061
-0.988357
-1.00165
0.978003
0.794496
0.838911
-0.039066
-0.567281
-1.93749
-0.604511
-0.510936
-0.849023
0.131824
-1.86432
0.30129
-0.216442
1.2542
1.23519
0.428063
0.156383
0.0653435
0.16628
1.13005
1.32534
-0.468362
0.840752
-0.777606
-0.909572
0.986659
-0.126835
0.454497
1.13696
-1.07086
0.828353
-0.440281
0.218619
-1.26435
0.69712
-0.472348
-0.166105
1.07174
-0.713959
-1.40018
0.960789
-0.69463
-1.20112
0.346027
0.762979
-1.22594
-0.50326
-0.612336
-1.00636
0.289414
-1.28413
0.441519
-0.973938
0.209262
0.3564
0.0117178
1.2808
0.280695
0.66491
-0.3054
-0.505211
-0.657592
0.874478
0.100799
-1.19751
0.948374
1.21009
-0.914344
0.868658
-0.776231
-0.59706
-0.145957
-1.11174
-0.501232
0.992016
1.2006
0.0538737
0.265618
-0.00355643
0.936248
0.266833
-0.484094
0.950054
-0.751938
-0.870381
-0.826032
1.35943
0.746439
-0.717211
0.298137
0.42511
-1.15698
0.689146
-1.15938
-1.42155
-0.588748
-0.820266
-0.747654
0.609295
0.624997
-1.35681
-0.899088
0.0519602
-0.628539
-1.20752
0.810136
0.552162
-1.09244
-1.10615
-0.533836
0.806985
0.829977
-0.586377
-1.23215
0.693014
0.7355
1.092
0.790316
-0.940867
-1.84129
0.216671
-0.827813
0.288767
-1.31041
0.997744
-1.52342
1.16968
-0.135138
-1.73493
0.574235
1.19216
0.128133
-0.761831
1.27269
-0.540959
-0.356818
-1.07743
-0.557939
-1.3871
-0.312111
-1.23635
0.368751
-1.11261
0.548472
-0.832212
-0.189502
0.00828851
0.575536
-0.948974
-0.548827
0.754277
-0.816969
1.09377
0.602287
0.163795
-1.4338
1.67101
-1.20622
-0.0317793
1.16939
-1.09206
0.381547
0.316603
0.432844
-0.940781
-0.96586
-0.609543
-1.29166
0.998708
0.207878
-0.147912
0.194318
-0.239283
0.170622
0.849831
-0.974095
-0.837817
0.454628
1.15473
-0.743275
-0.585758
-0.36207
1.63707
-0.942638
-0.710222
0.951702
-0.944138
0.109314
-0.659099
-0.99944
0.524736
1.35587
0.983458
-1.03352
0.236935
1.06055
-0.648135
-0.428503
0.294911
0.831902
0.919549
-0.426652
-0.494596
0.256569
-0.953477
-1.22447
0.00234726
0.452831
1.04353
0.602792
0.521773
0.57663
-0.626052
-1.40938
0.288399
-0.823627
0.323086
-0.173701
0.192624
0.217712
-1.00775
0.744544
-0.45278
1.34732
-0.514003
-0.848109
1.31532
1.33278
-0.721167
0.7833
-0.707061
0.665823
0.624859
-0.715357
0.321968
-0.0210087
-0.637027
0.697155
1.39009
0.80762
-0.249141
-1.37749
-0.642858
-0.88851
0.291626
-1.33379
0.22735
0.478879
-1.19329
-0.456692
0.771554
1.33931
-0.0454843
0.679462
0.468494
0.661708
-0.0693669
0.116328
-0.0619924
0.825717
0.15821
-0.938371
-0.478312
0.693564
-1.0942
0.593919
0.426989
-0.00118407
-1.58665
-0.489727
0.493456
0.943948
1.19307
0.597359
-0.61711
0.267123
-0.771583
-0.158646
0.404981
0.646834
-0.525231
-0.372759
0.474401
0.932055
1.14033
0.193293
-0.912126
0.855532
0.142408
-1.57437
-0.044227
-0.401605
-0.67066
-1.2041
0.873408
1.39942
-1.12624
0.374716
-0.584545
-0.74946
1.03645
-0.0167764
-0.243308
-0.84233
-0.867947
-0.800361
0.723202
0.148181
1.16347
0.648011
-0.942099
1.1437
-1.16187
-0.0129206
-1.10236
0.337126
-0.429941
-0.29384
-0.896408
-0.653645
-0.152872
-0.249129
-0.259272
1.98815
-0.725843
1.26358
-1.20697
-0.246036
-1.03672
-0.223498
0.100642
0.373142
0.0181081
-1.17914
-1.45393
0.415788
0.902059
0.495861
0.625026
-1.14948
-1.33001
-0.144476
-0.158193
-0.41908
0.675056
-1.31728
-0.275293
-0.871733
-0.469182
1.63721
1.3641
1.53673
1.06857
0.669567
-0.124554
-1.25556
-0.00119719
-0.449901
-1.00501
-1.10826
-0.854181
-0.992861
0.385752
1.20526
0.848009
-0.574849
0.505182
-1.53561
0.917523
0.537297
-0.977498
-0.35516
0.437831
0.8503
1.25237
-0.0194935
-1.87933
1.60445
0.0921039
-0.615008
-1.16837
0.478962
-1.01633
0.274693
-0.445313
1.09677
0.180818
-0.27369
1.72528
0.263143
1.23632
0.512373
0.995334
-0.916197
-0.00123638
-0.704958
0.685548
-0.495176
-0.778173
-0.915511
0.92691
-0.168061
-0.412043
0.721777
0.0552416
-1.33152
-0.998177
-0.580947
-0.499743
0.45359
-1.10678
0.454701
-0.839974
0.865554
0.937055
-0.300246
0.588937
-0.965956
-0.584315
-0.574327
0.0491175
1.78198
0.8432
1.09277
-0.977464
0.241429
0.875321
1.01952
-0.641646
0.893738
1.04595
0.978031
0.48256
0.0538263
-0.767475
-0.765038
0.786796
1.49137
0.412185
-1.10351
0.589292
-0.0379772
0.40185
1.1211
0.26612
1.69572
0.70219
1.2049
-0.0853482
-1.14923
-0.798068
-0.231632
0.760837
0.384265
0.269051
-0.155808
1.05417
-0.364021
-0.277165
-0.174965
0.112462
-1.83089
-1.10193
-1.20325
1.14493
1.07324
0.293602
0.361131
0.725272
0.348644
-0.828121
-0.603722
0.380812
0.877979
0.164705
-1.14051
-0.850064
0.871584
-0.746197
-0.748895
-0.343291
0.869943
-0.980741
1.02267
0.655105
-0.167949
0.387589
-0.856759
-0.517519
0.0750053
1.44072
0.838644
-0.367491
-0.472788
-0.302331
0.530297
-0.216727
1.06512
-0.388925
-1.13114
0.22599
-0.45755
-0.859135
0.316242
0.25105
-1.34604
0.609584
-0.76268
0.336277
-0.851811
0.888813
0.776153
-0.84582
-0.895273
-1.10726
-0.905336
0.770913
0.214344
-0.402063
0.421484
-1.02533
-0.820815
-0.0769498
-1.02851
-1.24586
-1.74862
-0.34258
-0.70891
0.21626
-0.719593
-0.764605
1.41394
0.492573
-0.582739
1.11665
-1.04128
-0.38188
-0.696273
-1.07222
0.67414
-0.196476
1.22112
0.270694
-0.0636639
-1.35621
1.00289
-1.24296
0.658032
-1.33046
0.702808
-0.162211
0.810077
0.932252
1.25021
-0.127961
0.547847
1.32625
-0.419612
-1.09924
0.485387
-1.39315
-0.563893
0.111485
0.565141
0.682453
-0.112392
0.540021
1.01069
-0.407418
1.14417
-1.13053
1.2508
-0.876471
1.42902
-1.1282
-1.09178
-0.866405
0.517975
-0.180595
-0.3448
0.262478
1.37877
0.229824
-0.62062
0.20488
0.367561
-1.2199
-0.317796
-0.228394
0.967453
-0.51231
0.85775
0.534294
-0.328009
-0.39013
-1.61887
0.718872
1.21364
-0.527967
-1.25144
-0.895337
0.854649
-0.81051
-1.50139
-0.607205
0.877801
0.314917
-0.295344
-0.0817821
0.140838
0.741792
-1.31933
-1.13332
0.98848
0.751311
-1.61806
-0.922351
0.6782
-0.976562
0.485321
1.48175
0.823951
-0.713994
0.0870762
1.01557
-1.04926
-0.133941
-0.826714
0.414112
0.933592
-0.944683
-0.543796
-0.435949
0.237018
0.0185357
-0.803174
-0.659338
0.932043
0.395494
0.190043
-0.833215
-0.617623
0.301324
-0.513008
-1.07468
-1.08698
0.742799
-0.861057
0.328703
0.0352177
0.301304
-0.200471
-0.130333
0.617547
-0.24769
-0.873566
0.990442
-0.0757576
-0.621979
1.52209
0.0277514
-0.158981
1.60927
-1.10622
0.754766
0.111087
-0.186147
-0.425952
1.42002
-0.713355
0.929777
-0.979326
0.460969
-0.410394
-0.607248
0.488844
0.611477
-0.523901
-0.520728
-0.278364
-0.082002
-1.31562
1.07429
1.05453
-1.14362
0.75579
0.710197
1.35674
0.951809
1.19256
-0.231152
0.394079
-0.80591
0.851281
-0.735921
0.285251
-0.713962
-1.13875
0.0468886
-1.0639
1.46273
-0.0984708
-0.6039
0.380781
-0.104178
-1.25148
-0.587979
1.24065
-1.43136
0.484092
1.33492
0.734864
0.3833
-0.137548
-0.697141
0.250903
0.711231
-0.436957
-0.337819
-0.397059
0.674956
-0.52381
1.27494
0.660058
-0.768481
0.191059
-0.710729
0.435514
1.67709
1.10876
-0.62161
-0.738307
0.355685
-1.21851
-0.423223
-1.28289
-0.378811
-0.705539
-0.236815
-0.385127
-1.1751
0.216266
1.21265
0.502687
-0.868864
1.00215
0.205675
-1.40783
-0.48073
0.831211
1.78838
1.4694
-0.984354
1.14303
-0.982228
-0.504135
-0.795713
0.492181
-1.16684
-1.13121
1.33442
-0.485841
1.1477
1.33437
-1.37577
0.342213
0.6519
-1.13226
0.92293
0.788176
-0.584392
0.938827
0.719804
-1.11788
0.278239
0.514779
-1.0695
0.347568
-0.367317
-0.872402
-1.29308
0.467093
0.890573
1.20772
-0.550224
0.311386
-0.501042
-1.62729
0.711802
0.801483
1.08383
0.551866
0.837493
-0.398037
0.570079
-1.05549
-0.0346817
-0.892945
-0.7438
0.0828898
-0.697079
-0.0814517
0.173668
1.1481
-0.0616669
0.0948735
-0.0318694
0.545423
-1.101
0.707783
-0.304686
-0.938156
-1.54707
-0.397816
1.00935
0.359879
-0.992382
-0.344066
-0.110986
0.00592589
-1.0155
-0.044274
-0.513763
-0.535304
0.987337
0.96611
-1.47887
1.46359
-1.13809
-0.837415
-0.619839
0.208407
1.26598
0.810206
-0.285337
-1.21386
-1.37948
-0.95433
0.244947
-0.0496978
-0.933105
-0.297439
-0.878851
0.711937
1.53584
1.18074
1.00033
-1.2892
-0.987645
0.920287
0.592718
-0.503123
-0.645013
0.180595
-0.639838
-1.27569
0.816928
0.365017
0.361254
-0.273651
-0.129593
-0.215859
0.528299
1.56089
0.669979
-1.01121
0.713344
-0.310879
1.28817
0.535542
1.11276
-0.99068
1.2879
-0.229732
0.689861
0.47813
0.997081
1.4807
0.851107
-0.334292
-0.829083
0.382239
-0.398797
0.264604
-0.532614
-0.316559
1.08463
1.71338
-0.895439
-1.56128
0.441768
0.152289
-1.14147
-1.20114
0.543357
-0.383653
1.197
-0.380239
0.953123
0.394556
-0.639518
0.0700578
0.576855
0.686954
0.461664
0.317942
-1.16857
0.519986
1.22806
-0.35549
0.812538
0.7071
0.668863
-0.404786
1.11213
0.612124
-0.266868
-0.469466
0.699029
-0.635178
-0.803331
-0.384261
0.758682
-0.395101
0.462782
-0.0404205
0.598371
-1.20586
0.604905
-1.18314
1.22201
-0.585538
1.48465
1.99752
-0.47074
-0.457171
0.350497
0.353789
-0.203859
0.0429618
1.12621
-0.00915603
1.00132
-0.79695
-0.797933
-0.787633
0.722127
-0.49632
-0.785583
0.89791
-1.33725
-1.75425
0.613295
-0.367517
-0.0286925
-0.437543
-0.622583
0.310952
-1.58024
1.02615
0.369421
1.25269
-0.759313
-0.587277
0.475548
0.317535
-0.384192
1.72256
0.0564951
0.983945
-0.190586
1.16138
0.104478
1.20058
-1.39738
1.43202
1.35391
-1.51267
1.17907
0.689356
-0.323299
0.152382
0.153385
-1.08997
0.221857
-0.814108
-1.55315
1.07213
0.516334
-0.339483
0.919687
0.801914
-1.14353
-0.428651
-0.428766
-0.702175
1.12294
0.715476
1.22208
0.618558
-0.574674
1.07685
1.28896
-0.0685067
1.1621
0.767817
-0.735819
0.166832
-0.329229
-1.40138
-0.459127
-1.11972
0.510485
1.18778
-0.722921
-0.494555
0.67869
-1.20955
-0.552998
-0.0264762
-0.836379
1.02263
-0.902522
-0.0979379
1.00739
0.903817
0.793213
-0.718373
-0.960639
-1.3639
-0.104686
0.801452
1.64544
0.425883
-0.164621
-0.930541
0.11438
0.808681
-1.0052
0.382918
-1.34737
-0.109084
0.394841
-1.09937
1.38168
-1.28624
-0.431711
-1.25547
0.639752
-0.534745
-0.460364
-0.216664
-0.380839
-0.371248
-0.462656
0.216304
-0.0277232
0.545359
0.739817
-1.03899
0.941192
0.33135
0.198212
1.03853
-0.0668164
0.201293
-0.951669
-0.913062
0.916459
1.07171
0.0407209
-0.206678
0.29238
0.775445
-0.791627
-1.12298
-0.152068
-0.880807
0.260332
-1.61052
0.436312
-1.01113
0.0735785
0.0146051
0.809065
-1.18778
-1.78628
1.10445
0.736047
1.23236
0.700025
0.0592889
-0.553466
-1.09864
-0.15604
-0.279156
-0.608334
-0.83701
-1.19233
1.09754
-0.226659
-0.0962312
0.866463
-0.419736
1.50136
-0.985761
1.29744
-1.14681
0.633966
0.0933634
1.1557
-0.653321
1.64593
0.539699
-0.471019
0.542213
-0.318291
1.34332
0.765554
-0.675618
0.599402
-0.17792
1.03917
-0.648493
-0.477075
0.575029
1.49021
1.48433
1.09271
1.56777
1.36943
1.3926
1.54016
-0.0753517
1.13065
-0.115476
-0.548436
0.215537
0.846624
-0.440643
1.19179
0.53982
-0.221754
1.1778
0.606579
-1.51999
-1.19098
0.676573
-1.3007
-1.4224
-1.19145
0.597305
-0.870019
-0.687549
-1.04858
-0.455637
1.17003
-1.3478
0.802675
0.646362
-0.997879
0.604294
-1.14295
1.25702
-0.966633
0.523395
-0.030826
-0.78046
-0.0624068
-1.03778
-1.76737
0.242768
-1.56528
0.6963
0.463172
-1.17705
-0.291159
0.136999
0.73497
-0.132644
-0.57717
0.454454
-0.164987
0.544364
-1.55789
1.01458
-0.394179
-0.511236
0.694221
-0.473213
-0.802919
1.28951
-0.824813
1.07769
-0.623216
1.22406
-0.542821
0.147617
-0.249932
0.158681
-0.419505
-1.10316
0.875537
-1.26464
-1.08868
0.815423
-1.01678
-0.48551
-0.144668
-0.744293
0.839426
0.12569
1.41564
-0.551396
1.5789
-1.49863
0.556507
0.751122
1.32773
0.93797
0.985088
-0.452817
-1.20252
-0.366467
-0.510994
0.152327
0.779488
-1.40003
-0.554479
-0.571789
-0.411633
-1.4386
-0.128992
-1.12618
-0.371456
1.24158
0.0764702
-0.700231
0.959834
-1.59246
-0.524956
-0.256777
0.269501
-1.07726
1.30559
0.470772
0.749624
0.873063
0.604589
0.199408
-0.560186
0.933391
0.587413
-1.39749
-0.0886181
-1.14641
1.16474
0.106536
0.28257
-1.23246
-0.837862
0.344855
-0.941657
0.469481
0.262747
1.25763
0.936006
-1.4192
-0.578619
-0.886377
0.80264
0.458708
-0.0432402
0.481871
-0.958223
0.797595
-0.486994
-1.65048
0.258961
0.6809
1.01042
-0.994843
0.665117
-0.0880508
-0.520599
-0.772515
0.582961
1.25064
0.649289
0.0138396
-1.5963
-0.578873
0.822407
1.13143
0.419348
0.694692
-0.834216
-0.272037
1.49721
1.22166
0.453918
0.829626
1.31036
-0.334805
-0.732678
1.04459
0.155658
0.047337
1.06169
1.72273
-0.258283
1.61598
-0.52123
1.40757
0.0878889
0.0281194
-0.0374859
-0.748781
-0.208068
-1.20774
0.210218
1.45557
1.04862
0.90253
-0.788049
0.687854
0.443036
0.320019
0.0486233
-0.950009
-0.91287
-1.53988
-0.291641
0.675027
-1.18573
-1.87693
0.733219
1.12399
-1.40893
0.495671
0.742838
0.297712
-1.42006
0.700727
-0.0915938
1.52463
0.281346
0.632248
-1.35708
0.811031
-0.765363
0.294461
0.0859173
-0.266666
-1.19161
-0.468975
-1.51063
-1.13046
-0.792072
0.751401
-0.0432296
-0.726281
0.37965
-0.208831
-0.457532
-0.653719
-0.772227
0.971372
-0.510504
1.28194
0.660946
1.3804
1.15287
-0.487813
1.2757
0.596577
-0.456844
1.5232
0.583101
-1.00644
-0.555161
-0.441035
1.45651
-1.25858
-0.289615
0.554654
0.433745
-0.776486
-1.55653
-0.942099
-1.17955
0.0753256
-0.666613
0.490961
0.479914
1.46645
-0.346402
1.747
0.172952
0.899302
-1.08829
-0.648606
-1.38926
-0.359271
0.261511
-0.786421
1.07527
0.00115334
1.18925
0.188844
1.42576
-0.738095
0.909852
-0.157084
-0.674433
-0.140351
-0.683051
-0.0779248
-0.972855
-0.511155
-0.832441
-0.411146
0.992167
-0.252276
-1.11614
-0.00541243
-1.03246
1.11836
-0.32189
1.31174
-0.566182
-1.18236
0.951751
0.285013
1.04445
-0.512787
0.750664
0.721718
0.412352
0.0762053
-1.37497
0.931819
-0.0354062
0.262023
-0.42257
-0.594686
-1.047
-0.82856
0.900066
0.882349
0.133277
-0.856014
0.176884
-0.29417
-0.907607
0.459223
-0.893485
0.162788
0.344729
-1.20301
0.890877
0.254384
-0.621
0.99702
-0.825067
1.28664
1.01024
1.05748
0.293928
-1.21688
0.469915
-0.714189
-0.612917
-0.421611
0.613021
0.454648
1.70874
-1.19729
0.594774
-0.74576
-0.829732
-0.0582551
0.0632803
-1.14384
-0.463281
-0.994748
0.349072
0.697907
0.405562
-0.509759
-0.147635
0.39166
1.16081
-0.116015
-0.480269
0.582859
0.433868
-0.365323
-0.700532
0.743817
-0.735053
0.17284
0.412525
0.683196
-1.55629
-0.700209
-1.4777
-0.0899131
-1.04047
-1.23761
-1.09392
1.09147
-1.33331
-1.38089
-1.19625
-1.10673
1.52805
0.672252
0.460309
-1.0108
0.695804
-1.02794
-0.0243351
-0.770955
0.997437
0.263328
-0.547316
-0.40733
0.960129
1.29564
-0.764436
-0.934187
-1.77249
0.290753
-0.10725
-0.907193
0.94509
-1.31025
0.645012
0.396267
1.90567
-0.823416
-0.947666
-1.11861
1.45036
-0.331069
1.3297
-1.18256
0.0360762
0.976518
-0.899913
-0.488113
-0.955446
-0.0432849
-0.957152
0.181943
-1.27567
-0.667015
0.898712
-0.86029
-0.43375
-0.260798
0.278189
-0.871966
-0.154816
0.968492
0.909051
0.010426
1.39751
-0.780874
0.287036
-1.08832
-0.044643
-0.495559
-0.585373
0.841223
-0.769047
1.04162
0.918532
-0.626562
-0.540675
-0.775761
0.132916
1.25935
-0.570611
1.24524
0.512011
-4.37014e-05
-0.814391
0.663454
-0.889919
0.475568
0.0260125
-0.691941
0.726635
0.0390388
-0.787033
-1.03588
-0.303706
0.920673
1.46856
-0.113342
0.685383
1.48097
0.545722
0.156748
-0.142289
-0.778631
-1.44621
-0.845812
-0.635636
0.887441
0.82737
-0.765555
1.15741
1.26099
-0.0169894
-1.06066
-0.161175
-0.495167
-1.52542
0.311816
0.873275
0.536152
-0.129984
-1.57034
-1.30633
0.49141
0.420605
0.410923
0.855351
-0.558615
0.930115
-0.402258
-1.4001
0.969325
0.0389988
0.721173
-0.672993
0.083053
-1.12639
-0.117993
0.523984
0.890584
0.800741
0.319543
-1.41688
0.423257
0.514004
-0.908642
-1.66634
0.316038
0.561712
-1.19213
0.837358
0.815898
-1.64465
0.828047
0.180644
-0.671941
-0.92779
1.13779
-1.19329
0.683659
-0.234146
-1.16097
-0.822817
0.17045
0.085942
-0.637384
1.4585
0.835576
1.24491
0.483783
-1.36978
-1.15588
-0.842848
0.385435
-1.00108
0.301465
1.2885
1.30645
-0.018312
-0.335078
0.764062
-0.116825
-0.384146
0.196096
0.942646
1.03871
1.51049
-1.03091
1.15746
-1.23364
-0.532225
-1.48882
1.3021
0.394762
-1.56369
-0.811605
1.17429
-0.663143
1.35137
0.130114
1.62709
-0.802773
-0.145298
-0.671883
0.270721
-0.286948
0.130712
0.358938
0.909361
1.26745
-0.86266
0.318616
-1.08245
-0.651979
1.62629
0.54653
0.194775
1.13083
0.140261
0.279868
-0.652293
-0.862335
-1.16261
-0.631325
-0.744826
0.64809
-1.56172
0.357719
-0.573301
-1.13273
0.330764
1.24116
-0.824643
-1.38106
-1.0661
-0.797925
-0.694281
1.42835
-0.548168
-0.794992
1.1176
1.3489
0.965897
-0.294828
1.8475
0.21133
0.519475
-1.20108
-0.389161
0.3454
-0.357172
0.842717
0.383636
1.0198
0.819083
-0.188566
-0.373359
-1.16336
-0.6473
0.80075
1.31121
-0.270132
0.082443
0.715119
1.73563
-1.49241
-0.972578
-0.536674
1.40439
-0.0985822
0.799433
-0.302597
0.445374
0.295518
0.746465
0.394848
0.102787
-0.761728
-0.382632
-0.55641
0.934212
0.71185
0.0282691
1.59241
-0.124525
-0.823251
-0.562835
-0.757767
0.702008
0.970171
-0.342254
0.766673
1.14113
-0.602017
-0.327711
0.388758
-1.33451
-0.19861
0.847228
-0.0261151
-1.10679
-0.795901
1.06899
-1.1431
-0.770575
-0.269272
0.448421
0.646121
0.971894
0.639235
1.3292
-0.409752
-1.23716
-0.66703
-0.761342
0.100699
1.3694
1.02925
0.993396
-0.62533
0.460316
0.126024
-0.793471
-1.08511
-0.18297
-1.14243
0.529239
0.17454
-0.228426
-0.0162777
0.976437
0.201777
0.564751
-1.92263
-0.482623
-0.648768
0.68729
0.43375
-0.282414
-0.552236
0.146215
-1.36175
1.12208
-1.1285
-1.10243
0.177923
0.947005
1.28473
0.833333
-0.929008
-0.898518
0.374942
0.619176
0.58768
-1.39259
-1.10609
-0.85256
-0.338365
-1.16972
-0.80131
-0.970809
0.0844275
0.839596
-0.648919
-0.0515678
-0.981928
-0.871567
1.02617
-0.409043
0.259759
-0.448932
-0.151878
-0.909759
0.657397
-0.739397
-0.0125414
0.464439
-0.172094
-0.772136
0.15046
-0.655048
-0.217049
0.605199
-0.611283
-1.61449
-0.558896
1.37943
0.417921
-1.17427
0.514029
-0.96798
-0.952282
-0.508679
-1.1719
0.327825
-0.774942
-0.6209
-1.1559
-0.242718
0.112837
0.382083
0.60647
1.19024
0.652448
0.0990743
0.993522
1.00222
0.724359
1.54909
1.00263
0.134527
-0.379857
-0.502279
0.570719
0.0476149
0.0234341
1.3728
0.917838
-0.624891
-0.0377084
-0.894959
0.990416
-1.53285
-1.01018
0.691461
-0.305287
-0.834339
0.85182
1.27195
-1.16771
-1.52787
-0.332031
-0.373905
-1.17527
-0.591328
0.508967
-0.686864
-1.30753
0.688868
0.278779
-0.111747
0.183995
-0.466902
-1.3636
0.426853
1.19103
1.50334
1.13028
-0.0993732
-0.619994
-0.951413
1.21794
-0.0580384
0.547114
-0.390755
-0.452622
-0.861206
1.57859
-1.29201
1.00039
-0.458873
1.31094
-0.502379
-0.282136
1.22431
-0.969784
-0.672768
0.410552
0.839828
0.801217
1.39844
-1.17945
0.866786
-0.245497
-0.645935
0.585404
-0.752269
0.933766
1.22564
0.835925
-0.34119
-0.967983
1.20982
0.719283
-1.24942
-0.388536
0.798527
-1.12644
-1.2148
-0.0105785
-1.11657
-0.56642
0.638761
-0.194671
-1.34981
-0.231387
-1.10764
-0.206948
-0.258029
-0.333966
1.01623
-1.54206
0.44747
0.129966
-0.117883
0.545385
-1.06272
0.0202852
-0.573673
-0.704092
0.0844658
0.581642
-1.45712
-0.81817
0.747998
-1.04785
-0.130422
-1.18198
-0.823868
-0.934657
-0.897582
-0.743536
0.36646
-0.106013
-1.09444
-0.881574
0.635809
0.160996
0.0625333
0.956332
1.04825
-0.302849
-1.60687
0.608118
-0.999291
-0.634426
-0.807209
0.756271
0.290142
-0.643747
0.358126
0.949927
0.36672
0.666268
-0.572209
1.05955
-1.09736
0.702778
0.170466
-0.497195
-0.607514
1.37017
0.380989
-0.45685
0.326563
0.875507
0.708275
-1.3067
0.655269
0.522879
1.01741
-1.19071
-0.22527
1.71951
-1.03113
1.09456
-1.82392
1.52101
1.19543
-0.443339
-0.0251629
0.702416
-1.26149
0.23981
-0.42558
-1.16134
-0.589687
-0.734757
1.06023
1.12794
0.781881
0.577629
-0.297529
-0.547788
-0.558986
-1.4147
0.237665
-0.196963
0.186931
1.44804
1.14694
-0.182409
-0.730846
-0.398735
-1.29177
0.655338
0.8241
-0.676306
0.660595
1.14979
1.22151
0.129877
1.73096
-1.11955
1.29896
1.09927
-1.15882
0.184071
-0.673019
0.287962
-0.455437
-1.07927
-0.685759
-0.468549
0.580518
-0.414653
0.697972
0.764745
-0.142048
-0.991346
-0.039619
-0.506366
-1.44754
0.168118
-1.69692
-0.479349
-0.522695
-0.0900552
-0.622136
-0.621283
0.426039
0.670972
1.37481
0.126109
-0.650138
1.44273
-1.02957
-1.55336
-0.230024
-1.15639
-0.288258
-0.49707
-0.608379
0.27896
-0.856293
0.658371
0.307103
0.453495
0.233183
0.179968
-0.492993
-0.0993741
-1.25832
-0.258213
0.71999
-0.533921
-0.0245169
0.0934838
-0.707314
-0.331641
1.25153
1.49821
0.129477
0.34277
-0.940168
-0.333789
-0.787138
-0.7385
-0.166083
0.818861
0.0556609
0.333352
1.35701
0.506457
-1.19244
0.23549
0.43975
-0.7676
1.64203
0.0435751
0.477045
-0.311492
0.811275
-0.259307
-0.645697
0.664966
1.16625
0.895078
-0.42006
-0.80464
0.515278
-1.10246
-0.908293
0.382341
0.928938
-0.997805
1.67915
-1.29833
-0.918907
1.10732
-1.10097
0.612227
1.14685
0.995534
0.82683
-0.704538
-0.696709
-0.466935
-0.301471
0.709847
-0.361364
-0.785317
0.422847
1.48845
-0.876279
-0.639478
1.00276
-0.973449
-0.77101
0.634192
-1.18469
-1.28718
-0.846037
0.938949
0.39296
1.3654
-0.673457
-1.15512
0.378078
0.436461
0.216343
0.846566
-0.411702
0.990396
-1.22116
0.785157
0.400426
-1.33216
0.650608
-0.900054
-0.728352
-1.11105
-0.0136537
-0.119785
1.07783
0.570983
-0.302074
-1.16257
-0.931971
1.01742
-1.31723
0.0283689
-0.118883
0.138285
-0.605001
0.902714
-1.12493
0.441369
0.245636
-1.48165
0.410837
-1.25808
-1.35789
-1.07742
-0.205919
-0.538118
-0.701369
0.203527
0.149664
-1.14159
-0.0208633
1.27917
0.0909438
-0.266673
0.476652
1.07506
-0.770252
-0.568915
1.10811
1.83721
-1.39327
0.821683
1.29922
-0.294231
0.967651
0.438164
1.71138
-0.117133
-0.968658
-1.81903
0.933393
1.05936
0.523322
-0.749804
0.390806
-0.575898
-0.750018
-1.14503
0.237154
-0.602234
-1.35361
-0.342802
1.09583
-1.4004
-0.534512
0.895175
0.0309117
-1.48299
1.34182
0.727794
0.143402
-1.34815
0.479288
0.943515
0.949636
0.287317
-1.10114
0.759622
1.06127
0.294655
-1.88608
0.169759
-0.0438161
-0.848676
0.268871
-0.944306
0.933315
0.285778
0.846272
-1.13113
-0.111134
0.486119
0.167051
-1.37597
-0.0144872
-0.795295
-0.416331
0.712959
-0.611571
-1.5892
-0.433141
-0.547923
0.856436
-0.64236
-1.19889
0.750376
-1.54209
1.03428
0.721427
-0.057532
0.808524
1.17299
-1.45204
1.00308
-0.946952
-1.22062
0.632835
-0.906264
1.49363
0.377172
-1.26519
-0.281284
-0.604871
-1.11711
1.21489
-0.978542
-0.979783
-1.22888
0.0767617
-0.953255
-0.843423
0.958625
0.110594
-0.739377
0.847433
0.293211
0.621494
-0.739745
0.411698
0.218472
0.109415
-0.301767
-0.866201
-1.06948
-0.877912
0.888547
0.991698
0.280983
-1.19697
0.580994
-0.848131
1.0381
-0.939158
0.514405
0.56755
-1.26137
-0.27564
-0.155765
1.50539
0.631885
-0.095026
0.15094
-1.08739
-0.079996
-1.27214
-1.11007
1.34755
-0.0520585
-1.06724
0.541375
0.896547
-0.344722
1.21429
-0.180895
0.842457
-0.276017
0.754907
-0.891556
-0.467982
1.13191
1.08992
0.358278
1.18263
-0.983577
-0.824353
0.596842
0.952152
0.563157
1.11422
0.82685
-0.163722
0.888035
-0.0530612
0.883342
0.768697
0.97769
0.228508
-0.876469
0.0845038
0.481534
0.624567
0.598723
0.264437
0.151502
-0.848695
-1.1647
-0.929404
0.947556
0.655395
0.34116
-0.0315484
0.0349424
-0.734626
1.98508
-0.283599
-0.822841
0.14303
-0.496673
-0.828897
0.77919
1.14065
-0.0587284
0.659353
-0.929812
1.0548
0.0172084
-1.07857
0.47627
-0.505866
-0.346492
0.158146
1.12534
-0.544852
-0.688748
0.164859
0.474029
0.201223
0.666618
1.45647
-0.967477
-0.955905
-0.484803
-0.63652
0.530176
-0.532352
-0.502994
0.660179
1.38548
1.19117
0.818027
0.82089
0.196285
-0.400522
-0.537366
-0.819978
1.25922
-0.448916
-0.660986
0.192696
-0.859254
-0.886914
-2.13669
2.25288
0.983714
-0.772763
0.396678
-0.389316
-0.74999
0.725739
-0.56982
0.793585
-0.638408
0.115793
-1.18601
-0.246932
0.98283
0.095909
-0.840873
-1.00098
-0.95388
1.19953
0.110296
0.843155
-1.5019
-0.831693
1.01913
1.2708
-0.087967
-0.715944
-0.849373
-0.828759
-0.537688
-0.662768
-0.653363
-0.447107
0.435977
-0.411198
-1.03219
-0.741955
-1.06578
0.163128
-0.36463
1.67349
-1.22144
1.47154
-0.786914
1.02022
0.342241
0.225129
1.06097
-1.24678
-0.781312
-1.07847
-0.666131
0.706447
-0.791336
-0.619435
-1.6627
0.25613
1.15924
-0.0416183
0.0952205
0.371538
-0.946683
1.11763
0.594074
0.586556
0.613667
-0.72154
-1.00396
-0.969345
-1.32125
-0.593322
0.307416
0.367262
2.15208
-1.50142
0.352605
-0.976876
-0.377058
-0.856329
1.18756
0.692839
1.64171
0.219145
0.853032
0.830217
-0.102086
1.05532
0.778917
-0.812738
-0.698801
0.935856
-0.13342
0.783392
1.48837
-0.822198
-0.13846
-0.69065
0.304839
0.531393
1.24757
0.0910301
-0.407962
-0.710487
0.991602
-0.350333
-0.96835
-0.960248
0.397139
-0.153917
-0.530863
-0.894038
1.08474
1.59928
0.973875
-0.92071
-0.218529
1.01659
0.0741423
0.673293
0.445846
0.877313
0.912876
-0.495145
-1.06661
1.11305
0.233913
0.979389
1.25698
-1.32243
0.766927
-0.155439
-0.00342981
-1.30023
1.15127
-0.13053
0.238715
-0.918183
-0.0901773
-1.15524
0.805068
0.0805634
-0.296008
-0.127508
0.95123
-1.26639
0.832564
0.412638
-0.150696
0.384699
0.0308172
0.0725212
0.892909
-0.182399
1.35327
0.563236
0.461269
0.452939
-0.497074
0.276301
-0.0262469
-0.568095
1.08626
-0.877054
-1.42532
-1.23497
0.696856
-1.31849
0.448046
0.571613
1.07676
-0.737162
-1.15298
-0.852765
-0.469328
0.0596609
-1.38917
1.13817
-0.891567
0.723015
0.0857656
-0.546479
-0.504978
-0.0226251
-0.158868
1.57015
1.2506
0.433999
-0.737578
0.864001
1.38641
1.24842
1.14365
-1.42284
1.32193
-0.329138
-0.292188
-0.409925
0.185054
-0.778269
-0.554933
-0.472286
1.48521
-0.578099
0.69609
0.389466
-0.267202
-0.876102
-0.596189
-0.752807
1.1017
-0.31271
1.05674
-0.290198
1.05313
-0.153606
0.93118
-0.767055
1.14063
0.0669231
0.388855
-1.03269
0.66916
-0.120649
1.26723
0.794781
0.757056
-1.19293
-0.524101
-0.601909
0.262135
0.125196
-1.02997
0.113656
-0.801066
-0.886212
-0.540092
0.632225
-1.27318
0.204321
-0.0494598
1.01548
0.429192
0.631815
-0.790988
0.747882
0.00661433
-0.26068
0.827759
0.555573
-0.587229
-0.784459
-0.726846
-0.98519
0.782011
-1.38752
-0.279125
0.505996
0.166475
-0.330138
-0.797395
0.25941
0.00619189
-0.172223
-0.654689
0.50483
0.91351
0.657234
-0.921497
-0.737468
0.656945
0.376471
-0.436724
0.432596
0.197346
-0.317684
1.22299
0.281507
1.29916
-0.307608
-0.24376
0.445677
-0.282143
-1.7887
1.43111
-0.0904993
0.948748
0.841625
0.493392
-1.03916
0.403257
0.997314
-1.55081
0.826461
1.2455
-0.0365936
0.301692
-0.644395
0.648238
-1.06143
-0.846765
-1.46197
0.12877
-1.29979
0.403425
1.68733
-0.777592
-0.392045
0.283675
-1.0578
0.729148
0.0497096
1.32029
0.260471
-0.118649
-1.07847
-1.00896
-0.263193
1.28919
-0.492664
-0.457157
0.688323
0.751496
-0.492969
0.660535
0.237636
-0.722926
0.865928
-0.166354
1.32042
0.21218
1.25343
-0.422063
-1.09712
0.904958
0.917828
-0.798054
-0.670586
-0.23117
-0.450571
-1.45684
-1.72255
0.579025
0.792549
0.302698
-0.328006
1.04384
1.193
0.814885
-0.883485
-0.308319
0.171653
0.664111
-0.67999
-1.27754
1.02846
-1.29729
0.367031
1.0111
-0.393622
0.985459
0.907993
1.37217
0.444328
-1.1057
-0.1676
0.755155
-0.35889
0.3268
-0.939729
0.293048
0.365813
-0.522602
-0.375329
-1.60772
0.400834
0.976584
-1.00804
-0.646332
0.939935
1.01217
0.773116
-0.664102
0.972783
0.975899
-1.06269
0.36663
0.690861
-1.85914
0.572061
-0.736462
-0.483829
0.927375
-1.15529
1.52337
-1.35321
-1.70627
-0.780257
-1.11506
-0.720961
-0.760643
0.647768
-1.39138
-0.152609
0.585933
-0.851084
-0.99871
0.380245
0.936155
0.381982
0.415862
0.083115
0.719471
0.932188
0.984976
-1.36753
-0.0805848
0.798436
0.60128
1.01114
-1.4621
-0.550515
0.646052
-0.839554
0.608731
0.625948
1.6758
0.0180972
-0.623736
0.919189
-0.541466
0.442907
0.822214
1.04518
-0.114128
-0.247351
-0.0778436
-0.789473
-0.759522
0.724417
-0.904714
0.276747
-0.163528
-0.518362
-1.51707
-1.52158
1.0832
-1.07904
0.377159
1.59859
0.900847
-1.28529
1.08139
0.618788
-1.34486
-0.749441
0.707256
-0.328687
-0.61682
1.53662
-1.62306
0.883102
0.905941
0.245394
0.988743
-1.09323
0.814519
-1.11292
-0.834814
1.59096
1.1611
-0.961098
0.210109
0.0453662
0.888436
0.344795
0.151126
-0.365726
-0.0140857
0.71971
-0.255567
-0.849543
-0.581055
0.922944
0.12252
-0.408013
1.56554
0.788504
-1.09755
-1.32256
-1.06467
-0.616882
1.35671
-0.491177
-1.06977
-1.82435
0.785731
1.22091
1.06144
0.098288
1.47801
-0.965335
-0.137333
0.16216
0.338899
0.071112
-0.85422
-1.23075
1.11517
1.26613
0.896696
-0.333761
-0.11428
0.844849
1.36641
1.43025
-0.37158
0.0193946
-1.65391
1.67517
-0.427888
0.797233
-0.0635454
0.414208
-0.940293
0.286258
0.972674
-0.768062
-0.776723
1.09994
-1.62739
-0.109683
-0.729614
-0.687098
-0.395495
-1.18775
-0.221998
0.358017
0.776425
0.304713
-1.3477
0.899282
-1.25542
0.703397
0.943632
0.322461
1.23848
0.0485155
1.45244
0.397428
0.598114
0.689166
-0.935882
-0.0950063
-0.289021
-1.12448
0.317009
0.291305
-0.680258
-0.770841
1.22062
-1.6148
-1.45372
-0.700055
-0.171386
1.1253
-0.0659691
1.52975
0.722485
-0.167003
-0.517196
0.768713
0.940254
0.108195
0.431738
-1.10531
-0.678833
-0.12628
-0.852398
-1.01631
1.01479
-0.733243
-0.995025
0.0171169
0.594772
-0.976015
0.123894
0.68532
-0.663461
1.02708
-0.893571
1.19865
1.85232
0.35524
-1.0374
-0.0911991
1.26055
0.0189113
0.664612
1.22254
-1.10124
0.97954
0.18279
-0.808559
-0.132689
-0.212602
-0.117439
1.30867
-1.19946
-0.205347
1.26415
-1.35436
0.645393
-0.145416
0.951915
-0.961828
0.275997
-0.699409
-1.12562
-0.11183
0.168459
-1.87116
-0.120172
-1.57202
1.3805
0.598138
0.761383
-0.632278
-0.572596
-0.802735
-0.37778
1.30477
1.08057
-0.225242
-0.602087
0.419371
-1.10827
-0.509955
1.20854
0.300848
1.02824
0.502934
-1.35727
0.53108
1.32544
1.84834
-1.4685
-1.0019
0.785079
-0.0512192
-1.75263
0.973336
-1.10169
-0.307072
-0.112846
-0.291556
0.307635
-0.750932
0.976019
-1.36261
0.675244
0.952227
-1.59848
0.53431
0.158849
0.520491
-1.03839
0.531362
-1.05922
0.379997
1.03794
-0.111475
0.795074
-0.0841156
-0.727683
-1.11136
-1.07443
0.317419
0.617891
-0.0151428
-1.41667
0.0397288
-0.861658
-0.46761
-0.165127
0.732741
-0.498422
1.30316
-0.197806
-1.31191
0.452043
0.521686
1.33655
0.49412
1.72584
0.358993
0.694431
1.14385
-1.29467
-1.5738
-0.736725
-0.6257
-0.823315
-0.63792
0.370782
0.294377
-1.04693
0.927635
1.04789
1.30382
0.68585
-1.16189
0.351893
-0.547253
-0.365878
-0.435311
-0.549521
0.556517
0.845048
0.69298
-0.027818
-0.311413
1.71771
0.772337
0.0854945
0.933862
0.675947
-0.0196817
-0.824118
0.641133
-0.35359
0.326374
1.53728
0.64063
-1.43071
0.533922
-0.78581
-0.0439222
-1.46721
0.281605
1.54229
0.87888
1.41169
-0.311571
0.0101393
1.01253
-0.576242
-0.765765
1.82411
-0.894477
-1.45333
1.24825
-1.38019
-0.563778
0.59777
1.32534
1.85073
1.08333
0.163043
1.4449
-0.600591
0.497291
1.00549
-1.15021
-0.401254
0.0694073
1.10259
-0.79001
0.19662
0.249966
0.0446668
1.00242
-0.683696
0.306924
-0.645647
-0.454985
0.132808
-1.66365
-1.37102
0.739535
1.00881
-1.78195
0.888454
-0.515757
1.48762
1.09158
-0.729598
0.874545
0.711784
-0.819484
-1.30443
1.09822
-1.06124
-0.340316
0.43462
-1.24647
-0.527284
-0.613993
-0.71212
0.246049
1.74254
-0.475105
-0.846506
0.653832
0.832884
-1.07206
0.221042
0.726899
-1.28881
-0.181584
-0.834776
-1.23454
0.948755
-0.47947
-0.220817
1.17985
-0.119118
0.499597
1.10081
-1.05168
0.979775
0.649474
0.859962
-1.48442
-0.260551
-0.221163
-0.029653
1.29162
0.0712697
-1.4521
0.51107
1.30958
-0.668142
-1.22764
-1.09563
-1.01139
0.159465
0.235405
-0.546171
-0.486855
0.554002
1.28255
-0.542563
0.237351
0.80264
1.14654
0.720432
0.567482
-1.00447
-1.45375
-0.76194
-0.648003
0.882187
-1.26089
-0.837486
0.508222
-1.14068
-0.673802
0.224793
0.910785
-0.232281
-0.771831
0.299375
0.91117
0.602913
-0.650538
0.808015
1.29517
-0.482825
-0.51156
-1.26871
-1.46952
0.377193
0.991664
-1.10296
0.0240806
1.3443
0.949842
0.315047
0.452934
0.722351
-0.378654
0.781534
0.905259
1.90668
0.959148
0.0476331
0.505852
-1.23987
1.27346
-0.509806
-0.814651
-1.23799
0.324395
-1.22068
1.51792
1.17637
-0.854484
0.573663
0.815092
-1.34799
-0.591566
0.123384
0.455
0.54317
0.52389
0.858936
-0.770598
-1.43866
0.376377
-0.757817
-0.154209
-1.01703
-0.813662
-0.411045
0.864498
-1.0255
0.63269
0.575898
1.09328
-0.750026
0.993952
-1.01049
-0.0292702
-1.35559
1.98265
-0.542112
-0.724463
0.75373
0.885514
1.00706
-0.425744
-0.428747
1.67008
0.948821
-1.67132
-0.674551
-0.0359362
-0.167526
0.41224
-0.900203
-1.02907
0.262762
-0.755742
-0.447994
0.911231
-0.98248
1.36536
1.78072
-0.45544
0.878949
0.715523
0.0979161
-0.520865
-0.594905
-0.00304742
-0.201311
0.547128
1.0105
-0.0312303
0.299922
0.530579
-0.753843
1.23017
-1.06755
-0.728438
-0.922171
0.998048
0.660813
-0.93907
-0.0675602
0.640932
-0.741276
1.04074
0.449066
0.416864
0.906158
-0.403626
0.137229
-1.1791
-0.910244
-0.0946532
0.451112
0.839545
0.488064
0.622142
1.04936
-0.769344
0.480036
0.241385
0.663564
-1.00421
0.546963
-0.356678
0.533677
-0.413234
-0.0397976
1.36186
-0.729897
-1.27405
-0.89118
0.943593
0.314383
-0.20016
-0.354282
-0.34706
1.06626
0.913429
0.494613
-1.02337
0.334408
0.784677
0.547125
-1.22725
-1.23736
0.444543
-0.273152
-0.162987
-0.462824
0.283808
-0.703228
0.9654
-0.613984
-1.24773
-1.61774
0.512672
0.792047
-1.14279
-0.61846
-0.0979081
-0.482073
-0.60956
1.20281
0.158851
0.230467
-0.360834
-0.958517
1.387
0.797872
1.07721
-0.126996
0.447592
-0.303787
-1.68332
-0.727756
0.279512
0.119121
-1.36679
-1.01159
1.00585
0.658679
-0.258103
-0.948625
-1.74753
0.612282
0.690028
-0.767954
-0.794191
-0.719329
-1.68234
-0.105282
-1.84773
-1.2569
-0.748914
-0.970677
0.796107
1.37367
0.836461
-0.838416
0.708542
1.01727
1.82274
-0.0604136
-1.56169
0.853327
-0.756002
0.00191946
-0.387842
-0.93987
-0.658096
0.609032
0.812867
-1.03778
0.316786
-0.821717
-0.466379
-0.202384
0.707788
-0.990242
1.34751
-0.0565567
0.550594
0.644105
0.343901
-0.981876
-0.666372
0.475258
1.71434
-0.232929
1.77647
-1.18366
-1.08792
0.389078
0.246914
-0.195139
0.067129
-0.895033
0.0487496
-0.211992
0.0331137
-0.689162
2.1781
-0.637174
1.27488
0.0936246
-1.1816
-0.277609
0.132223
-0.88677
0.975644
-1.39593
0.110835
1.21538
-0.229239
0.824813
-0.92987
0.565285
0.799042
-0.339264
-0.63499
0.502736
0.159118
-0.740817
-1.18113
0.738935
-1.28634
0.00839527
-1.79678
0.473144
-0.0821124
1.15361
-1.12683
0.818181
0.955882
1.52267
-0.947755
-1.23314
0.751392
0.231141
1.03114
0.287066
0.323901
-0.782084
-0.430054
1.16059
0.0490871
1.30969
-0.354094
-0.36884
-0.335554
1.22911
0.650398
-0.891766
-0.762707
0.632582
1.21029
-0.909
0.321932
0.507845
0.960241
0.726325
0.546029
-0.144406
1.04615
-0.440296
-0.462134
-0.972802
0.74796
1.65647
-1.08202
-0.909622
-1.05538
0.638278
0.746698
0.261366
-0.26427
0.361431
-0.306802
1.09486
0.42824
-0.785718
-0.855021
-0.249294
0.740435
1.11111
0.794402
1.2338
0.557017
-0.544018
1.53824
-1.46061
0.841133
0.173083
0.884947
-0.796543
-0.0705232
1.39287
-0.306191
1.03269
-1.63275
0.527284
-1.03493
0.974558
0.296019
0.829457
-0.00663884
0.615764
0.000211013
1.31314
0.22169
-0.230679
-0.875702
0.159746
0.218861
0.286891
0.580958
-0.785435
-0.144484
-0.73617
-1.60338
-0.604586
1.59305
1.00759
0.727181
-1.21236
1.24131
0.983537
1.28111
0.192503
-0.615491
0.227601
0.605359
0.328955
1.23738
0.645199
0.947105
0.614894
-0.927206
-1.22032
1.45727
1.34073
-0.498678
0.663731
-1.09459
-0.449801
-0.369348
-0.313416
1.49904
-0.645716
0.904392
1.24387
-0.57334
0.717596
-0.835771
1.11664
-1.07664
0.860637
0.966913
-0.790545
-0.662681
0.496513
-0.634223
-0.706776
-0.186525
-1.74044
-1.15581
0.911109
-1.01297
-0.764206
1.02496
0.531945
-0.759374
-0.774884
1.3334
-0.330506
-1.07401
0.39833
0.969681
-0.400578
-0.489005
0.102918
0.63017
0.343995
0.162291
0.851302
0.539348
-0.761618
-1.17211
0.49218
1.39184
0.871624
-0.688678
-0.687409
-1.21294
-0.676464
0.701659
0.714939
0.663927
-0.836852
0.433593
-0.914277
0.888502
1.04785
-1.25728
-0.469719
-1.20751
0.622181
-1.00659
-0.688105
1.37485
0.61876
0.507574
-0.59383
0.972887
-1.1337
-1.24226
-0.208803
-0.942192
-0.667445
-0.795782
0.513499
-1.61659
-0.382474
1.13485
-1.1368
-0.926096
-0.679984
1.48659
0.439488
0.593624
0.264772
1.30503
0.551625
0.0753071
-0.089867
-0.928253
-0.326515
-0.105954
0.201844
-0.212829
0.729126
0.0887743
-0.12975
1.1888
1.02276
1.19878
-1.79188
-0.150838
1.75255
-1.11713
0.647797
-0.390005
0.377301
0.51369
0.464876
0.246915
0.0509735
-1.30968
1.2689
0.638945
-1.00485
0.151804
-0.863775
0.879448
-1.28884
0.61803
0.600066
-0.363189
-1.01106
-1.04086
-0.653953
1.10375
0.427747
-0.0637406
-0.278634
0.681562
0.474723
1.33244
0.0486832
-0.412746
1.29115
0.104813
0.914037
0.214289
1.14453
-0.272113
1.35072
-0.67028
-2.00208
-0.93264
-1.23823
1.07874
0.450718
1.0707
1.29499
1.0274
1.41342
-1.15707
0.31309
-0.0744879
1.35182
-0.94138
-1.68816
0.151267
-0.476874
-0.525447
-0.168759
1.32733
-0.503945
0.776008
-0.577572
1.38994
-0.33472
0.946106
-1.48825
0.729666
-0.222844
-0.0893254
0.479707
0.0348166
-0.396414
0.36476
0.797213
1.22447
-0.263609
-0.948976
0.776767
0.703327
-0.953109
0.549208
0.974893
-0.725549
-0.13124
1.14095
0.622006
1.37726
1.07518
0.217748
0.860008
-0.891605
-0.20145
0.642691
1.04671
0.6232
-0.263369
0.884595
-0.887012
-0.706053
-1.10733
-0.462557
0.00156925
-0.944892
0.682996
-1.0851
0.152968
0.96371
-1.01722
0.0450564
-0.923998
1.08648
0.140818
-0.540314
0.50522
0.492713
-0.911022
-0.717593
0.41362
-0.312959
0.910775
-1.36046
0.367358
-0.708396
-0.538729
-0.303061
1.41502
0.528177
-1.50191
0.0146314
-0.10892
0.86572
0.752941
0.652729
0.853045
1.21634
-0.813605
-1.30372
0.0505078
-0.595088
0.415679
-1.12124
1.64545
0.485821
-0.770419
-0.579075
-1.01111
0.442788
0.967729
-0.504691
-0.918205
-0.113841
0.44638
-1.34806
-0.116687
0.804465
0.780987
1.90964
0.758856
-0.323518
-0.0398445
-0.586056
1.08491
0.176849
0.21947
0.213484
0.53526
1.08364
-0.172342
-1.24841
0.440721
0.837539
0.277521
0.532185
-0.621317
-1.46369
0.480224
-1.01135
0.745659
-1.30466
0.199687
0.427815
-0.323566
-0.567982
-1.43201
-1.17082
-0.280191
-0.624444
0.260936
0.926082
0.0927972
-1.52228
1.62519
0.591877
-1.0408
-1.05933
1.24311
-1.36211
0.829141
-0.458741
0.833062
-0.337378
0.853049
1.49696
-0.497986
-1.47258
1.10017
0.758903
-0.881366
-1.18301
0.530515
-0.952057
1.96969
-1.63995
-0.739124
-1.03013
0.42473
-0.123595
1.19012
0.448621
0.908001
0.238829
-1.34858
-0.514073
0.946482
-0.405958
-0.612123
-1.83281
0.63644
0.961122
-0.572599
0.620615
0.908361
1.01693
-0.102386
0.989977
0.0887947
-1.11354
0.497312
0.419055
-0.408903
1.19665
1.64574
1.123
1.305
-0.855248
1.35862
0.364925
-0.886363
0.406449
-0.664379
-0.554724
0.954333
-0.821155
0.235088
-0.654182
0.327818
-1.06361
-1.35214
-0.403272
1.09055
-1.09068
-0.24872
1.26291
0.787282
0.262154
-1.20132
0.597337
-0.305485
-0.65268
1.04508
1.02499
0.627871
0.484565
-0.444337
-0.798546
0.564033
-1.22599
0.0621951
-0.357403
-0.66228
1.24517
-0.641849
-0.854691
0.23298
1.28887
-0.404383
0.444665
1.01409
1.16761
1.02081
1.11332
0.44369
1.02419
0.202272
-0.152344
0.982968
1.90558
-0.53526
1.39905
-0.727533
1.94753
-0.56124
0.753801
0.140314
0.553302
-0.630549
-1.04502
-1.09386
0.527055
0.841516
-1.20637
-0.32535
-0.858937
0.790196
-0.665746
-0.933861
-0.668967
-0.495803
-0.255287
-0.871828
-0.800996
0.432796
0.646577
-0.769649
-1.01781
0.862762
1.25725
-1.09293
0.550236
-0.306197
0.0405494
-1.55111
1.12596
0.671397
0.786536
0.430943
1.36648
-0.967594
0.349773
-0.717327
0.400876
0.251431
-0.54187
1.15434
-0.845808
-0.278941
-1.14783
-1.33
-0.356544
-0.826177
-0.883101
0.147197
-1.03882
0.415385
-0.766969
0.809724
0.0318412
1.02005
1.16999
0.645454
-0.723068
0.615216
1.07284
-0.62875
0.0185891
1.75506
-0.934733
-0.936132
0.663804
1.16696
-0.76146
-0.0248418
-0.242704
0.828127
0.899034
-0.722993
0.276077
0.823142
-0.876095
0.090068
-0.285411
-1.23528
1.19389
1.1437
-1.43027
0.191782
0.507437
1.29996
-0.469297
0.473565
-0.846482
-0.988127
0.673344
0.492059
-0.75215
-0.693052
0.522519
0.117324
0.842429
-0.699622
-1.24144
0.329974
-0.28322
0.841983
-1.37898
0.820199
-0.933486
1.66837
0.332223
-1.27279
-0.570362
0.464138
-0.893379
1.25527
-0.709115
-0.781602
0.122864
-0.885692
-1.15766
0.865514
-0.708608
0.745774
0.830649
0.0296558
1.19315
0.915314
-1.23718
-0.647825
0.56471
-1.14545
0.0743091
-1.16515
-1.10688
-0.255292
1.04867
0.417035
-0.922084
0.459777
1.06754
0.601082
-0.168835
-0.443069
-0.363021
1.24516
-0.385283
-1.24405
0.980052
-0.561081
-0.572556
1.58134
-0.450509
0.477226
-1.6535
0.151759
-1.0972
0.653679
0.223812
0.642237
-0.903532
-0.630733
-1.64072
-1.15702
0.395731
-0.0241235
-0.983613
0.317247
0.020537
1.06779
1.07838
1.24282
-1.04171
-1.12891
0.328593
0.247963
0.177493
0.11619
0.528757
0.468782
0.664008
-0.412226
0.00641377
-0.469356
-1.09416
-1.32334
-0.855388
-0.858556
1.23387
0.555984
0.902904
-1.00707
0.598694
0.592684
-0.886542
0.302345
0.0810829
-0.158497
-1.23919
0.647081
1.27447
0.789456
-0.52198
-1.21183
1.36533
1.18039
-0.530005
-0.824311
0.315955
-0.199662
0.481894
1.35971
0.424482
0.0741489
-0.957465
-0.859274
1.31822
0.90017
0.725513
0.0507493
0.0521906
0.338336
0.804178
-0.420358
-1.07071
1.5598
-0.513341
-0.367451
-0.707378
0.523245
-1.30805
2.07723
-0.666597
0.301616
0.496786
-1.08311
0.857956
1.35508
-0.734441
-1.43708
-0.903004
-1.4025
0.539858
-1.02553
0.89544
-0.654056
0.944912
0.875818
-0.393094
0.486422
-1.13029
-0.811119
-0.434179
-1.69118
-0.120068
-0.262379
-0.577324
0.579216
-1.1371
-1.03566
-0.960844
-0.00205744
1.719
-0.735511
1.03099
0.991825
0.578121
0.383945
-0.518439
-1.52032
-0.796527
1.05537
0.996579
-1.15274
1.05266
-1.01286
-1.33006
1.04592
1.07038
-0.953119
-0.970857
-0.529573
0.666787
1.5475
-0.958141
-0.457384
0.461662
-0.158987
0.112684
0.778139
-1.39067
-0.207707
0.999971
0.562466
0.830707
-0.164537
1.02548
-1.10829
-0.941702
-0.41328
0.4228
0.717896
-0.657241
-0.86291
-0.969404
-0.674782
1.29527
-1.11352
0.628823
0.482018
-0.595505
0.651161
0.785289
-1.04338
1.36381
-0.447537
0.499255
-0.759786
-0.014242
1.1927
-0.984829
-1.34859
0.196256
-1.0575
1.1364
0.936311
1.09353
0.149727
-0.156041
0.211074
1.21712
-0.709647
-0.670461
1.33413
0.478793
-0.255114
-0.726421
0.74208
-0.305519
1.50044
0.167161
-0.547993
0.883775
0.366896
0.970534
1.02076
-0.183423
-0.93389
0.769819
0.366676
0.367229
-0.972196
0.674683
0.836846
-0.821782
-0.924827
1.24201
-0.294211
-0.207505
1.12305
-0.261084
0.672964
1.51128
-0.800879
-1.61903
-0.724622
0.557993
-1.2037
1.6379
0.843718
1.2391
1.45822
0.668702
-1.07943
1.01886
0.603158
-0.732365
-0.84157
0.328751
-0.484478
1.01073
0.183969
-0.959236
-1.21731
1.38014
-0.179204
0.809169
0.592989
-0.390755
1.3778
0.0552169
0.877851
-0.134701
-1.20681
0.0845762
-1.20589
-0.329802
-0.478216
-0.788691
-1.28365
0.427508
-0.395958
-0.580944
-0.897856
-1.46443
-0.847084
-0.0748709
-0.905657
-1.36108
-0.431276
1.24056
0.22886
0.0200996
0.446435
-0.655252
-0.445488
1.276
-0.526011
0.689344
1.38006
0.739364
-0.784561
-1.17652
-0.191001
-0.360428
-1.8098
0.0571759
0.557589
0.615212
-0.544034
-1.6005
0.800564
0.424066
0.353705
-0.50009
0.984819
-0.46877
-0.583453
0.4594
-0.519171
0.396349
-0.234743
0.0434174
-0.215231
-0.131067
-0.120904
0.836059
-0.43068
0.742745
-0.0127977
0.811618
1.21047
-1.23847
-0.041954
-0.280554
0.374108
-0.430116
-1.13035
0.451089
-0.542478
0.636469
0.836932
0.956168
0.66433
1.37242
0.788415
0.203488
-0.652085
-0.510667
0.767486
0.236135
0.783011
0.467392
0.94091
0.766801
0.987373
0.997035
0.947438
-1.16395
1.24592
-1.04264
0.612803
0.479488
-0.685864
0.540363
-0.1023
-0.773576
0.388909
-0.603262
0.698343
-1.43437
-0.833824
-1.3482
-0.676377
-1.10663
0.738328
-1.08889
-1.4107
1.84759
0.498126
-0.79554
-1.5559
0.268764
-0.526973
1.03224
1.1536
0.409626
0.184823
-0.192379
-0.985128
0.821177
-1.01013
-1.48059
0.605105
-0.984905
-0.838828
0.82437
-0.981444
0.485248
0.537679
-0.991017
0.938304
0.856035
-0.283517
0.477765
-0.0517794
0.958413
-1.24707
-0.878224
-0.550602
0.320288
-2.11707
0.53926
-0.380963
0.0174896
-1.0842
-0.464086
0.627659
-0.625396
0.496923
0.149984
-0.606856
-0.696745
-0.915356
-1.42135
-0.957637
-0.0690643
-0.31414
1.10644
0.652243
1.20622
-0.498304
-0.0156823
1.01058
-0.898453
0.976705
-1.06517
0.394518
1.11975
-0.0451166
-0.589509
0.357848
1.17457
-0.686932
0.0952394
0.479534
-0.657991
0.18514
0.834967
0.467159
-1.53207
0.486516
-0.747623
1.43044
0.789719
1.08813
-0.0577617
0.387796
1.16355
0.702133
1.13898
0.0807431
1.48105
1.71126
-0.97446
1.02748
-0.843544
-0.608066
-0.530258
-1.46794
0.149739
0.79567
-1.04526
-1.77258
-1.49106
-1.1873
-0.479651
-0.593583
-0.993545
1.02048
-0.701045
0.280325
-1.66577
-0.910814
0.66381
0.874291
-1.30056
-2.07967
-0.477432
-0.445368
1.17932
-0.641117
0.457073
0.705951
0.545615
0.193956
-1.2121
-1.42971
0.0702436
0.986358
1.1218
0.748306
1.02322
0.284778
-0.153103
0.822202
0.893577
-0.570943
-1.25629
-0.248077
0.984257
0.105771
0.0586622
-0.911778
1.1062
-0.0313735
0.825068
-0.561959
0.00185141
-0.580848
1.35619
-1.18359
-1.03965
0.862109
-0.914516
0.0566605
-1.20357
0.65419
0.687556
-1.07723
-1.14942
-0.693113
-0.978362
0.867508
1.04584
0.607308
-0.0734038
1.13861
-0.387667
0.471394
-0.93869
-0.368607
0.750007
1.39735
0.407671
-0.256394
0.130664
-1.12476
-0.546167
-0.682039
-1.208
1.05889
0.58258
-0.73443
0.156344
0.694872
0.839193
1.03813
-0.25919
-0.788213
-0.159818
0.486912
1.23531
0.950008
0.13083
0.573204
-1.19406
0.59462
0.086709
-1.50871
0.505693
1.28187
0.153915
-0.599792
-0.778301
-0.170155
0.411501
-1.54187
1.33012
0.451002
-0.411637
-0.830248
-0.843761
0.26685
0.958935
-0.51631
1.1495
-0.203322
-0.538997
-0.586331
-0.436963
0.355272
-1.70656
-1.10174
-0.977075
1.18417
0.684203
1.13916
-0.776963
0.211538
-0.0287689
0.713108
0.562925
1.28057
-0.10407
0.328007
0.122257
-0.501274
-0.650394
-1.49304
-1.4312
0.857837
-1.32792
-0.279839
0.449827
0.241221
1.69907
-0.839456
-0.841764
0.492238
0.529886
-0.587777
0.974293
0.951466
-0.183337
0.348936
0.34256
0.705446
-0.874204
0.762647
0.226581
-0.0118438
-0.0957804
1.70359
-0.225931
0.881293
-1.40548
0.0536821
-0.139246
0.0668214
0.270721
1.31495
1.46653
1.01972
-1.32295
1.73172
1.28554
0.334188
0.5352
0.377247
-1.37176
0.430401
-1.60526
0.993436
-1.37427
1.76429
0.791531
-0.538209
-1.11633
0.934482
-0.225964
0.754535
0.800302
0.0392056
-0.956576
0.316413
0.394499
-1.12718
-1.61883
0.212828
-0.60158
0.197156
1.02712
-1.0339
-1.23725
1.43546
-0.873597
0.283227
-0.421092
0.606837
1.12311
1.05214
0.574846
0.425916
0.699683
1.15707
0.392421
-0.952028
-0.515673
0.572043
-1.42745
0.104483
-1.45624
0.503278
-0.359023
-0.812131
-0.451268
0.176889
-1.24577
-0.0306972
0.708337
1.2622
-0.865818
1.60589
0.0394348
0.548845
-0.919136
0.328819
0.874219
-1.46093
0.848516
-0.911873
1.93491
-1.37161
0.268169
-0.00407632
-0.708227
-1.47053
0.29641
0.120947
-0.802286
-1.46055
0.584667
1.12674
-0.0633943
-1.57047
1.20565
-0.763489
-0.886664
0.67312
-0.556783
0.0133326
1.10079
0.154949
-0.383019
-0.173452
1.64839
1.47043
0.424355
-0.909612
0.752812
-1.26591
-1.37008
0.632329
-0.106343
-1.0751
-0.854063
-1.41793
0.638321
0.125468
-0.677537
0.207863
1.53306
-0.0933317
-0.939354
-1.17084
-0.30934
-1.45554
1.34198
-0.564701
0.95828
-0.511291
1.059
0.812099
-0.487713
-1.04006
-0.161048
0.942621
0.62946
-0.842707
0.268625
0.636028
-0.522864
-0.0112089
-0.326209
-1.31128
0.616121
-0.678416
0.428159
-0.0463613
-0.863015
-0.194539
-0.918346
-0.706386
0.768713
0.444089
1.39544
-1.06898
1.77153
-0.768356
-0.832237
-1.3387
-1.35794
-0.154474
1.15821
-1.34756
-1.46874
-0.827977
-0.596892
0.476533
0.309665
-1.17913
-0.941927
1.14054
-0.71215
1.18481
-0.651755
-0.167324
-0.58264
-0.633555
0.114283
1.08889
1.32576
0.332887
0.897236
-1.10806
-0.127496
-0.72447
0.92365
-0.122609
-0.61256
0.399433
1.19856
1.18569
-1.3962
-0.752312
1.23052
-1.65653
-1.46631
-1.07641
1.41126
1.17268
-0.480968
-0.197165
0.237618
-0.638551
-0.13352
-0.852704
-0.613107
-0.653119
-0.173588
-0.760753
1.38783
-0.766725
0.944534
0.567741
0.62541
-0.405232
0.217769
0.317606
-0.290229
0.671503
0.00707463
-0.704973
-0.213811
-1.46112
1.61527
1.13125
0.639899
1.04955
-0.916041
-0.540301
-0.695473
1.00762
-1.64062
-0.261915
0.554686
1.0369
-0.832217
0.229421
0.811518
-1.34639
0.921586
-1.29322
1.05235
0.769891
-0.389835
1.17552
0.966404
1.45417
0.932889
-0.476632
-1.27144
0.86425
-0.620681
-0.363548
-0.192956
0.790965
0.0125783
1.94921
-0.365751
-0.708166
0.0285811
1.54487
-0.662511
0.731694
0.648877
0.732017
0.453028
0.673423
-0.162346
0.272758
-0.587319
-0.802907
-1.14175
-0.00507793
-0.714715
-1.3838
-0.186009
0.888611
-0.977762
0.424394
1.00146
-1.52007
1.0586
-1.58804
0.65801
0.0556976
-1.07153
1.59675
-1.77616
0.773381
0.391316
-0.0103706
0.00249586
-0.436547
0.159258
-1.45801
0.00881162
-1.78195
-0.802398
1.06289
0.80329
1.54162
0.914301
-0.174607
0.623958
-0.792923
-0.87982
0.472514
1.06082
-0.389754
-0.745883
0.886225
-0.541735
-0.864486
0.164601
0.420775
-0.0246412
0.344414
0.847268
0.592016
1.44625
-0.695962
0.100991
0.747291
-0.764836
-0.763166
-0.0541969
1.08568
-0.122239
0.454957
0.69683
-0.804373
0.845373
0.0501164
-0.725048
-0.803849
-1.02028
-1.66848
-0.835691
-0.958755
1.40214
-0.578515
1.53365
0.58483
-1.25798
0.14097
-1.23417
-1.24738
0.5975
-1.54094
-1.22431
0.553028
0.860835
-1.62866
0.294975
-0.418162
0.83699
-0.0831204
-0.855167
-0.434112
1.0182
1.6639
0.464428
0.529029
-1.04861
-0.741971
-0.845161
0.525682
1.08322
-0.968307
0.757402
0.805567
-0.489784
0.898471
-0.911685
1.65719
0.135352
-0.976615
1.7192
-0.962577
-0.957211
0.223118
-0.0933114
-0.818404
-0.849372
-0.24735
0.195358
-1.09304
0.722283
0.688787
0.471546
0.596665
0.119818
-0.0421941
1.05333
-1.00125
1.01459
1.24284
-1.10843
0.658005
0.446583
-0.722472
-0.828916
-0.780635
-1.12297
0.126138
0.839439
1.59491
-0.612707
-1.43753
0.633457
-0.646979
-0.428149
0.79622
-0.976558
-0.411756
0.565893
-0.886095
-1.35719
0.605925
0.725397
0.746192
-1.00066
-0.217562
-0.668257
1.18139
-0.885645
-1.23873
0.429062
1.19498
-0.116912
0.810272
0.438123
0.569243
0.30333
1.44044
0.971355
0.208616
-0.450036
-0.0406364
-0.723798
-1.18137
0.256335
0.0312748
-0.594104
-0.251428
0.905172
-1.21225
0.724067
1.04691
0.17632
0.918434
0.857335
-0.354963
-1.02544
-1.63519
-0.533273
0.312692
-0.757743
-1.35298
1.31374
-0.867528
-0.826787
-0.434815
-0.119464
-0.318561
-1.01018
0.511261
-0.93503
-1.41078
-1.5034
0.727273
1.15512
0.0611632
-0.447671
0.341378
-1.26127
0.553773
0.439024
1.0956
1.08481
-1.13619
0.456349
-0.534159
-1.30837
-0.127898
-0.632366
0.743179
1.31444
0.823442
1.26324
-0.440981
-0.0364267
-0.670893
0.841248
1.36479
0.451532
-0.706518
-1.14575
-0.642224
0.850303
0.526797
0.10178
-1.19059
1.01121
-0.340602
0.116776
0.576927
0.571084
0.530777
-0.846015
0.126972
-0.440605
-0.9249
0.979268
0.830782
-0.800212
-0.051825
1.00735
-0.16392
1.40241
0.970069
-1.28029
-0.614495
-0.985611
-0.652865
-0.626059
0.962832
0.591767
0.679685
1.45937
1.25424
-0.017578
-0.722461
-0.784448
0.873252
-0.0777162
0.989021
0.645108
0.597252
-0.674623
0.0943035
-0.683456
-0.785085
1.09941
0.863292
0.619265
1.29877
0.840517
-0.811562
-0.43438
-0.766641
-0.167103
0.915055
-1.56344
-0.172955
-0.346476
-1.62606
1.02895
0.489469
-1.31588
-1.02609
0.541448
-0.260187
0.639805
1.51963
1.08166
0.93821
0.702845
-1.24327
1.08052
-1.38927
-1.15689
-0.317253
0.182176
0.331918
0.452553
0.349821
1.00592
-0.588486
-1.3434
0.839537
-0.244674
-1.04233
1.30008
-1.24735
0.762902
1.3012
1.18979
1.12387
-1.32566
0.373698
-0.386433
0.457036
-0.504452
0.53586
-0.816609
0.525899
-1.75358
-0.512884
-0.73357
-1.23319
-0.10472
0.2853
-0.75397
0.229159
0.674728
0.604701
-0.493064
-1.27108
1.00408
-0.585232
-0.787618
-0.374894
-0.968942
-0.143231
0.114014
-1.69286
-1.18439
0.238095
-1.27893
-0.844992
-0.0669583
1.59039
-0.114153
0.590537
0.866528
0.842161
0.927634
0.795913
0.142628
0.916666
-0.405495
0.310206
-0.223703
-0.629286
0.736099
0.793993
-0.188339
-0.868653
0.85594
1.34054
-1.24494
0.875216
-0.909854
-0.763995
-0.432584
-0.603048
0.0158628
1.15479
1.1511
0.285812
-0.663889
0.240258
0.245869
0.542034
-0.807301
0.895731
0.560948
0.765293
-1.39367
1.0812
-0.219273
-0.464914
-0.624031
-0.577459
-0.353592
0.687072
0.752438
1.45264
-1.02769
0.664307
-1.35893
-0.168207
0.165485
-1.10821
0.179247
0.566875
0.412601
-0.246731
0.606575
1.04225
0.600703
-0.673386
0.347111
-0.524001
-1.22158
0.870912
-0.430942
1.17233
0.365287
1.32507
-0.236578
-0.137629
0.579382
0.604541
0.95033
-0.720692
1.3671
0.152604
-1.37156
0.966397
-0.205722
1.36468
0.135781
1.33094
0.435949
-0.802534
0.946429
0.542077
-1.712
-0.619026
-1.57342
-0.966392
0.0860066
-0.752622
-0.594223
0.906199
-0.115032
0.252258
1.11712
0.158352
0.769223
0.829543
0.307532
0.356833
0.440838
-1.22465
-0.2298
-0.64688
0.773331
-0.684503
0.622197
1.26899
0.659229
0.042832
-0.0169076
-0.66421
-1.26414
-0.23213
0.792498
-0.511732
0.970872
-1.52975
-0.715037
-0.664787
-0.566802
1.30825
0.931684
-1.60686
0.689704
0.816713
0.155521
1.04791
-0.652307
-0.00597002
0.47057
-1.07112
-0.286867
-1.34762
1.21619
-0.815324
-0.37509
-0.0869931
0.405004
1.25526
0.861664
-1.13114
-0.0992875
0.115759
0.488521
0.835642
-0.188844
-0.00259778
1.46417
0.725357
0.966205
0.969898
-1.26157
0.270846
-0.524059
0.874549
0.376262
0.437054
-1.01324
0.241715
-0.363408
-1.19368
1.35151
-1.09861
-0.974725
-0.496431
0.856065
1.53802
0.592087
0.612204
0.172657
0.717019
0.739228
0.185687
-0.107596
-2.09238
-0.0735242
-0.192955
-1.4582
-0.192627
1.2051
-0.129209
0.285985
-0.373226
0.772067
-1.03092
0.569223
-1.04173
0.548758
-0.79473
1.38675
1.23522
-0.133424
-0.596726
1.02228
-0.16386
0.86482
-0.595892
-1.19759
1.07894
-2.13563
-0.499417
0.292934
0.455892
0.936626
-0.646887
0.756224
-0.5396
-0.706495
-0.872432
-1.21635
0.581626
0.764173
-0.215486
1.03014
-0.325439
0.532218
-0.775986
-0.246694
-0.4189
-0.736543
-0.49707
-1.0385
-0.345744
0.0859155
-1.0047
1.16942
1.36124
-1.31624
-0.30965
-0.908977
-1.67086
-1.20937
-1.61394
-0.103775
-0.589096
-0.341007
1.46336
1.07998
-0.610841
0.657163
0.385038
-0.877423
0.69667
0.553094
-0.775306
1.04866
-0.582796
1.03262
0.37491
-0.259004
-1.13135
0.505795
1.44994
0.804795
-0.490611
-1.30415
-1.06664
-0.128234
-0.100251
-1.01564
-0.50988
1.24555
1.75273
0.188209
1.04575
-0.193527
-0.505035
1.00636
0.207233
0.123438
-0.619916
0.52849
0.0307047
1.52841
0.629141
0.948891
-0.0486481
-1.52569
-1.10521
-0.219845
1.89852
0.447623
0.803046
0.359496
0.671879
-0.92476
-0.605211
0.244045
0.44643
-0.0686965
0.580108
-1.33186
-1.15725
0.0801406
1.36202
-0.534463
0.805457
0.555882
-0.709203
1.4533
-0.336816
-0.877123
-0.316609
0.488509
-0.810161
-1.3735
-0.874264
-1.13505
-0.875495
-0.845293
-0.996957
0.80449
-0.515959
0.819303
0.691586
0.674741
-1.13291
0.678801
1.12509
1.307
-0.429197
-0.639594
-0.858668
0.589051
1.40707
-0.794077
0.16139
-0.662801
1.09441
-1.46025
1.05172
0.757825
0.355586
-0.205219
0.369972
0.545629
0.539351
-1.12904
0.865
0.51103
0.702233
0.474544
1.0222
-0.121843
-0.417379
-0.322287
0.313459
-0.490519
-1.11354
0.868569
0.699006
-1.06845
-0.143166
-0.371762
0.506946
1.18339
0.750323
0.545693
-0.841654
-1.45879
1.18328
0.757479
0.09778
-0.396469
-0.880818
-0.876344
-0.668418
0.872721
1.23853
0.426854
1.52833
-0.523084
0.612522
1.06704
0.63755
-0.84215
-0.91937
-0.78007
-0.555125
-0.745678
-1.23445
-0.0251504
-0.956668
0.537678
-0.04217
0.49561
0.800188
-1.73801
-0.786543
0.893136
-0.597484
-0.348582
-0.389985
1.62774
-1.12583
0.584169
-0.651581
0.974561
1.16024
1.18781
0.0673755
-0.0221246
-0.67236
-1.14864
-1.29485
-0.0583039
1.02952
0.637966
-1.29441
0.553753
0.501753
-1.45864
0.479445
0.737518
0.62799
0.787698
-0.557603
1.12459
-1.13282
-1.17641
-0.59333
-0.215735
-0.604792
1.19637
-0.477075
-0.206905
-1.75657
0.901255
0.375721
-0.486931
0.462375
-0.811126
1.51217
-1.16787
0.00367477
0.963099
1.23547
-1.24977
-0.914853
0.0509594
0.413111
1.0751
0.14895
1.01745
-0.941577
-0.568612
-0.456749
0.909365
1.28709
-0.22831
-0.160759
0.00519126
1.71976
0.743365
0.794011
-0.977772
0.551209
-0.654965
-0.0733753
0.0198508
1.08292
-1.72672
0.786154
1.40002
-0.0965264
0.731004
-0.0517093
0.581605
-1.15982
-0.407509
-0.426334
0.555224
-1.47431
0.982587
-0.0169642
0.674285
-0.643793
0.690244
0.54542
0.366136
0.111158
0.0578763
0.165416
1.15902
0.286315
0.329707
0.729825
-0.181362
-0.104027
-1.38481
-0.449636
0.607305
-1.57051
0.745214
0.470842
1.25363
-0.607015
1.68992
1.38895
-1.08718
0.819268
-0.342919
0.727869
-0.661911
0.287301
-0.140112
0.682723
-1.01173
-0.222062
0.580762
0.43653
-0.369185
0.176339
-0.869896
2.05777
0.526684
-0.601375
0.471073
0.956447
1.07282
0.0147311
0.610785
-0.724107
0.547024
0.408329
0.984456
0.431794
-0.682092
-0.50915
-0.116431
-1.12593
-0.363457
-0.2843
-1.23899
0.950589
0.0489057
-0.773619
-0.421744
-1.42044
-0.437721
-0.228413
0.740671
-0.707799
0.0996417
-0.256199
-0.490701
-1.54003
0.6437
-0.940946
0.180185
-0.00230408
-0.313659
1.53472
-0.964226
-0.215931
1.07333
1.02098
1.08078
1.41686
-0.573384
-0.181656
-1.08334
-1.20968
-0.484456
1.62317
-0.795864
0.384787
1.53139
-0.872603
0.754241
0.98462
0.965392
-1.64414
0.216363
0.938737
0.475701
-0.72535
-0.577317
0.933956
-0.156417
0.862963
-1.36902
1.66341
-1.19099
-0.370692
-0.283297
0.0419638
-0.658214
-0.878806
-0.0777452
-0.445551
-0.631017
-0.810413
0.998443
-0.51045
-0.20804
0.691862
-0.884268
0.606099
-0.860622
-0.711987
-0.543911
-1.23194
0.0838143
-0.969089
0.630568
-0.269249
0.52804
-1.3325
0.689345
-0.723581
-0.579514
1.0496
0.742995
-0.794688
-0.0901336
0.915539
0.91161
1.00907
0.230788
-1.08733
0.916237
-1.2276
-0.903543
-1.04893
0.31942
0.753966
-0.934593
-0.417136
1.15118
-1.10339
-0.44691
0.896471
-0.819328
0.950381
-0.88422
-0.601449
1.15382
-1.09209
-0.533928
-0.745243
1.05573
-0.485637
-0.910696
-0.709886
0.634605
-0.377457
-0.395892
0.197527
1.3991
-0.389745
0.406086
-0.750951
-1.42797
0.685649
1.29535
1.55201
-0.811963
1.33953
0.0888795
-0.766023
0.605748
0.446116
-0.761693
0.93336
-1.48361
-1.02922
0.431733
-0.9295
-0.789167
-1.26527
0.935452
-0.344809
1.27791
-0.363958
-0.509048
0.562815
0.799054
0.323798
-1.38551
0.53318
1.72241
0.296749
1.68046
-0.326233
0.179248
0.256023
0.738545
-1.06997
-1.06817
0.71879
-1.01884
0.934043
0.140229
0.786408
0.735316
-0.73341
0.761594
-1.08707
1.88922
-0.802874
-1.36869
0.746669
1.16143
0.488846
-0.0104788
1.40077
-0.925844
-0.224611
-0.759078
-1.35617
1.00172
-0.868255
-1.9135
-0.686119
0.031035
-0.124456
0.608097
-0.768208
-0.857201
-0.428446
0.281631
0.774346
0.323525
-0.385675
-1.18184
1.25269
0.191025
0.4558
1.38882
-1.70974
-0.0733217
-0.6114
-1.08341
0.754674
0.730716
1.68377
-0.521107
0.584624
-0.826137
-1.07374
0.181892
-0.233153
-0.0870941
-1.14135
-0.575108
0.317494
-0.164215
-0.225292
1.03186
-0.2783
0.184278
-0.496459
-0.903765
0.617924
-0.920444
0.642104
0.730915
1.39941
1.09732
-0.580221
-0.342983
-1.01448
0.9169
-0.454051
0.909483
0.677027
-0.398371
-0.0587835
-0.727586
-0.932661
-0.795683
1.33489
0.767622
0.913288
0.643115
0.225556
0.0747381
0.76448
0.834383
1.00153
-0.157991
0.144187
0.640124
-0.751243
0.0180548
-1.3246
-1.09219
0.392639
1.67934
0.413272
0.74885
-1.44886
0.815771
1.73546
-0.797574
0.825949
-0.712744
0.197479
-1.75398
-0.305141
0.383037
0.570348
-0.759723
0.901292
1.07378
1.00139
0.650607
-0.701724
0.799486
-0.969224
0.847774
-2.5541
0.191402
-0.546068
0.0419416
-0.799324
-0.930138
-0.71986
-0.68945
-0.394034
-1.15828
-0.090948
1.12434
0.267229
0.996564
0.881522
0.345263
1.23563
1.00701
0.598882
0.563799
-0.384261
0.441004
-0.760344
0.989782
0.575611
-0.529354
0.200675
0.184996
-0.27775
-1.48765
-0.848638
-1.14785
1.31391
-1.0179
-1.30924
-0.890613
-0.377181
0.591404
1.16379
0.725441
0.437624
1.23941
-0.426742
-0.0403194
0.149481
-1.11915
0.900712
0.50539
-0.993065
-0.581353
-1.34344
0.719529
-1.28675
0.679763
-0.498879
0.0418491
-0.0264015
-1.59916
-0.892253
-0.782305
0.0287442
-0.886248
-1.22941
-0.2988
-0.0319942
1.82192
0.692077
0.0408564
-0.641096
0.779943
0.614428
0.285764
-0.537039
-0.298841
0.484506
-1.47692
-1.04483
0.735126
-0.19875
-1.18156
-1.35618
-1.31035
-0.268995
1.06309
-0.538117
0.485737
-0.375794
0.441233
-0.185782
0.68099
1.09382
0.518475
-1.18868
1.26425
0.52801
0.81459
0.854945
1.15065
0.0609381
-0.451829
0.513717
-0.853964
1.26486
-0.0154987
-0.488681
-0.129506
-0.412056
0.816269
-0.201466
0.681219
0.762717
-1.02327
0.162383
-0.527898
0.277936
0.0928965
0.768011
0.90713
-0.364489
-0.20219
0.864191
0.420691
0.0189864
0.949326
-0.37411
1.16179
-0.515212
0.644803
0.332136
-1.22804
-1.27218
1.39471
-0.754796
-0.532912
-0.599415
-0.503183
0.882135
-1.11515
-1.22722
0.0463945
1.03362
-0.0368499
-1.02833
-1.36816
-0.385044
-1.35654
0.0924647
0.730653
0.509641
0.543754
-0.400469
-0.517567
0.387183
-0.368437
1.27039
1.344
0.339285
0.817342
1.11491
-0.193071
1.26063
0.503347
0.811816
0.677734
-0.518202
1.59142
-0.948882
0.459628
1.08708
0.043519
0.55327
0.663336
0.808589
-0.221771
-0.959033
-0.916759
0.838628
0.971009
0.465928
0.574322
-0.945242
-0.137894
0.968548
0.566211
0.767845
0.751675
0.34536
0.606613
-0.0283944
0.328353
0.607613
-1.22244
0.284342
-0.509926
0.962208
0.0414245
-1.30173
-0.0846528
-0.461946
-0.481222
-0.296386
-0.457108
-0.482251
0.427826
-0.60802
-1.80417
1.453
-0.795527
0.799721
0.0724142
-1.31294
1.02607
1.10257
0.790498
-1.11965
-1.02285
0.41512
0.749447
-0.641281
1.13613
1.1281
0.908278
-0.549189
0.921669
-1.25808
-0.220711
0.222145
0.928903
-0.362469
0.533186
1.23735
0.433554
0.707431
-0.671115
0.605226
-1.24905
0.0760434
0.49836
-1.29452
1.14962
0.0823943
0.844812
0.847953
-0.0939758
0.588426
-1.57228
-0.518679
0.583863
-0.25552
-0.141832
1.39046
-0.542077
-1.04127
-0.388823
-0.229477
0.411937
-1.61813
-0.206858
-1.15772
-0.732405
-1.18869
-0.225682
-0.445447
0.287149
-1.01088
0.729499
1.42197
0.924195
-0.286968
0.31191
-1.88511
0.956486
-0.694597
0.466145
-0.893997
0.242766
0.330711
0.394515
1.25483
-1.14213
0.111403
-1.66703
-0.668497
1.33379
-0.49378
0.330696
-0.396454
-1.07648
-0.540064
1.54356
-0.0857892
0.902835
0.0302939
0.444771
0.790581
0.390529
-1.32464
-1.17999
0.320815
-0.558173
0.29907
0.453548
-0.685105
-0.0852693
0.2118
0.589788
-1.338
0.543972
0.703838
-0.776638
-0.0980285
-1.16087
-0.983029
0.351906
0.549649
0.0986823
0.650729
-0.562127
-0.382083
-1.53833
0.814113
-0.134467
-0.881908
0.471222
0.682025
-0.848235
1.07948
0.965369
0.050964
0.659522
0.180003
1.11664
-0.566298
-1.00599
-0.554596
-1.41632
-0.511652
0.100782
0.947259
1.3159
0.853384
1.24117
0.831311
-0.682027
1.27319
-1.49415
-0.240842
1.07524
0.459169
0.162449
-1.42293
0.635039
0.77487
-0.303729
-1.00289
-0.893342
0.0794493
0.244575
1.08753
0.469792
0.0262674
-0.0670302
0.395264
0.205109
0.56533
-1.33839
0.702714
0.906952
-0.607211
0.745256
0.543914
-0.732792
1.47369
-0.743418
0.176048
-0.881338
1.1593
-0.875981
0.533819
0.883017
-0.542326
-1.02259
-0.732127
-0.842108
1.51173
0.832522
1.79274
1.14319
-0.586017
0.757182
-0.403507
1.07116
-0.444743
-0.71417
-0.668134
0.168415
1.5825
0.591532
-0.855342
-0.887821
-0.59244
-0.810717
1.2032
-1.04293
-0.236654
-0.909915
-0.681246
0.431645
1.1465
0.844951
0.649066
0.366858
0.176336
-0.114437
0.402647
1.16747
-1.11955
-1.09198
0.234638
-0.118401
1.1918
0.431336
-0.510424
-0.60833
0.87104
0.597103
-0.453688
-0.694876
-0.670079
-1.08233
0.89599
0.169994
0.487247
0.783186
-0.677504
-0.845188
0.821518
0.731966
0.0417919
-0.835349
0.253572
-0.322018
-0.42135
0.760267
0.604973
1.26516
0.272285
-0.816385
-0.810068
0.762079
-1.04374
0.436836
-1.28428
1.16599
-0.894008
1.35656
0.659267
1.43509
1.42778
0.97861
-0.128313
1.00055
-0.626208
0.624746
1.05892
0.778061
0.685201
1.28036
-0.609502
-0.816069
1.02769
-0.811792
0.0106598
-0.517002
0.70368
-0.530306
-0.536571
-0.746972
0.462651
0.538453
1.43997
-0.816345
-0.213253
0.600161
-0.682782
0.413722
-1.14009
0.824363
-0.125228
0.38979
0.235601
0.829574
-0.967571
1.00497
1.15661
0.637421
-0.140983
-1.11114
0.513223
0.505626
0.437685
0.459115
-0.0847955
-1.72203
-0.354305
-0.646458
-1.49688
-1.06814
-0.610365
1.20761
-0.18181
-1.53652
0.834901
-1.07491
0.65926
0.331613
0.906374
0.178085
0.451137
-1.23266
-0.819668
1.21427
0.774545
0.759344
-0.410711
1.07821
0.796193
0.181188
-0.860406
-0.726879
0.921376
-1.19023
0.117295
0.689657
-0.316343
-0.909177
1.62922
0.817436
0.475318
0.709557
1.01634
-0.301742
-1.34362
0.914511
-0.937925
-1.00679
-0.267712
-0.332462
0.521212
-0.0102816
0.666226
0.67221
0.103771
1.10608
-0.67719
-0.258099
0.866435
-1.334
-1.106
0.79856
-0.409088
-0.473157
0.127032
1.50146
-0.549714
0.0796688
-0.652803
-0.158253
-0.714609
1.18918
-0.873883
-1.04329
-0.581334
-0.602363
0.589963
1.11484
0.668165
1.3518
-0.123532
0.273734
0.515868
0.0190136
-0.518496
1.23733
0.0966655
0.869842
-0.69742
-0.264585
0.646417
-0.821938
1.13106
-0.480432
-1.06905
-0.355983
-0.392692
0.678406
1.24011
0.265175
0.999246
0.398698
0.684594
-1.94125
-0.918194
-0.371067
-1.1188
-0.259431
0.909622
-0.884486
-0.3328
-0.745497
0.972636
-0.177309
-0.822573
-0.62748
-0.409621
0.308694
-0.358489
-0.947349
0.382291
0.435343
1.98322
0.153522
-0.97001
-1.02038
0.998594
1.13166
-0.838777
-0.620788
-0.697742
0.565682
0.791186
-1.13331
-1.09179
0.119992
0.624928
0.25512
0.209499
0.466963
-0.281504
0.744561
-0.636937
-0.264304
0.561325
1.23756
-1.0913
-1.0413
0.663533
1.56888
0.29704
0.0445967
-1.07752
-0.567211
-0.0768303
0.399107
0.292478
0.477371
0.427321
1.20954
-0.670326
1.31753
0.983152
1.43356
0.060417
0.408079
0.334174
0.784475
0.515612
1.06846
-0.645904
0.912783
0.692963
-0.151148
-0.805312
1.50753
-0.469347
1.35592
1.35289
0.215605
-0.0825693
-0.678468
0.568182
1.04743
1.20664
-1.02117
-0.863041
-1.11763
-0.351952
0.822123
-0.979338
-0.524468
-0.412577
0.570633
1.4144
0.987033
-0.445169
0.102804
0.211977
-1.09855
0.239129
0.622402
0.145405
0.0275879
-0.196138
0.644847
0.122977
0.843811
-0.673199
0.371336
-0.852373
-0.564345
-0.289045
-0.374467
-0.215748
-0.718245
0.229798
-1.18042
0.610097
-0.995874
0.636867
1.11008
0.69466
0.188709
-0.198949
-0.885702
-0.64903
-1.31593
-0.420625
0.0174
1.34565
0.514088
0.911569
-1.02618
1.35144
-1.54477
-1.56665
-0.82617
-0.183691
-0.879439
-0.0806276
-0.593873
-0.605658
-0.25439
-1.27578
1.50138
0.246527
1.24475
0.069469
-0.157614
-1.0404
1.9202
0.522469
0.209571
0.0675254
0.556743
-0.771893
-0.312328
1.44447
0.850028
-0.0503046
-0.444471
0.540371
-0.818097
-1.0118
0.408797
-0.180137
-0.826891
-0.578972
-0.874549
0.953664
-0.572352
1.27908
0.403907
-0.276961
-1.56229
0.272407
-1.26196
0.858756
1.24051
-0.847513
0.740017
0.515195
1.96202
1.49312
1.33085
-0.946042
1.18559
-0.356774
0.45779
-0.908392
0.606645
0.371854
-0.88899
1.25669
-0.729421
1.19325
0.703458
-0.737851
1.06014
-1.41489
-0.551952
-0.854909
0.958464
0.937213
0.537541
1.42147
0.347932
1.42341
0.255503
0.537955
0.789561
-0.681087
-0.00953457
-0.890354
-1.41824
-0.764704
1.16294
1.34422
-0.325628
-0.845684
-0.0599343
-0.626135
-0.850941
0.993123
0.913277
-0.0215949
0.291094
0.132356
0.84057
0.53405
1.04102
-0.533507
0.411621
0.298817
-0.324252
-1.78493
-0.380356
1.89484
-0.210141
0.509162
0.382799
0.394135
1.18366
0.533925
-1.06496
0.791109
-1.38883
1.00482
0.647584
1.0554
0.899815
0.728922
0.587106
-0.0679425
1.81767
0.611064
-0.58646
0.971548
0.95689
0.406584
0.709643
1.81634
-0.21929
0.0901549
-0.0316772
-0.305126
-1.26075
0.86237
0.374502
-0.888026
0.16168
-0.882763
-1.27348
0.864253
0.261683
-0.45117
0.0642107
-0.348667
0.202857
-0.452706
-0.850904
1.15758
0.662448
-0.676235
-0.379069
0.0645266
-0.168446
1.06179
1.27798
1.37043
0.558956
-0.222939
-1.34271
0.344685
-0.143342
-0.0417058
0.82992
-0.904274
-0.0350764
-0.111312
-1.00697
0.419855
0.806498
0.312209
0.0309239
-0.738906
1.06673
-1.59176
1.09387
1.82371
-0.130353
-0.586705
1.00751
0.401233
-0.894772
-0.233585
1.52911
-1.07689
-0.81145
1.93262
1.40053
-0.4404
0.427606
0.643632
0.705302
-0.736824
-1.02098
1.52816
-0.639203
1.39233
0.758896
-0.118556
0.688677
-0.199494
-0.57506
0.161996
-0.698757
0.786702
0.836226
-0.732658
-0.597802
1.72477
-0.948924
0.827366
0.791829
-0.375466
-0.523573
0.188119
0.620359
0.607797
-1.52705
0.455485
0.690588
0.615967
1.3576
1.86063
1.12442
0.430291
1.24524
-1.39273
0.753426
-0.459156
-1.2474
0.440176
0.894504
-0.648752
-0.933748
-0.637717
-1.06012
-0.479054
-0.255618
0.938537
0.344538
0.327047
0.356788
0.944631
-0.258437
-1.28103
-0.229558
-0.875471
-0.733242
1.27845
-1.30313
1.51563
0.120705
1.10416
0.530395
-0.230745
-0.984446
0.917475
0.477372
0.13538
-1.49344
-0.0179813
-1.52072
1.02746
1.00837
0.315744
-0.402114
0.2469
-0.517067
0.466976
-0.713976
0.51353
-0.240929
0.478748
-0.61953
-0.504397
-1.50284
-1.25264
0.829462
-0.0142935
-0.984526
1.40357
1.42904
-1.47785
0.852224
1.22144
-0.972989
1.35768
0.72907
0.331792
1.19263
-0.342686
0.340998
-1.27273
1.78307
-0.35199
0.371589
-0.873254
-1.0962
0.770278
0.709724
-1.17814
-1.34255
0.154883
0.0910669
0.415449
0.950163
0.888888
0.0449203
-0.855403
0.86286
0.288424
-0.896897
0.120857
-0.771207
-1.05017
1.13333
-0.761012
0.721139
0.417825
-0.967934
-1.25445
-0.430007
-0.370145
0.700459
1.44347
-0.488941
-0.798462
-1.0342
-0.919367
-0.624863
0.537677
-0.403197
0.687789
-0.6159
1.65657
0.0270508
0.492264
-0.144369
0.767699
-0.168943
-0.698138
0.280253
-0.617776
-1.20665
0.0573933
-1.13364
0.686682
0.140705
0.640695
1.18238
-0.70869
-0.398057
-0.983774
-0.569229
-0.735977
-0.808544
-0.476968
1.14113
-0.304516
1.48157
-0.578184
1.02569
0.994934
1.01923
-0.149999
0.872994
0.138546
0.356197
2.01586
1.20604
-0.424042
-1.00587
0.1468
-0.552598
-1.13672
1.59841
-1.52609
0.0992231
-0.501925
0.504987
-0.292578
-0.0358094
1.15499
-0.546852
0.842743
0.132777
1.05699
1.07509
0.445633
-0.582259
0.770894
-0.575194
0.414036
0.33377
-0.767222
-0.0641528
0.751595
-0.521927
-0.510728
1.03793
0.420213
1.039
0.635028
0.959357
-0.85036
1.31487
0.0577103
1.01163
-0.677817
-0.559829
-1.79538
-0.400021
0.363864
-0.462573
0.35888
0.686295
0.863229
-0.283152
-1.28201
0.41012
0.871435
1.21961
-1.12784
1.24429
0.297696
0.493103
1.04033
1.14181
-0.756321
0.295544
1.05619
-0.606679
-1.44
0.933339
0.332593
-1.01251
-0.699788
-0.550268
-1.2953
0.593329
-1.12175
-0.914135
-0.716377
-0.44862
-1.26371
0.929187
-0.819156
0.463236
0.671259
-0.84204
0.73747
-0.826054
0.449138
0.442937
-0.517694
-0.935543
0.163951
0.623871
-0.539382
-1.04378
0.370804
0.899672
0.397593
-0.342832
-0.667833
0.183175
-0.648812
0.18961
1.11844
-0.00150753
-0.453534
-1.55272
0.729942
-0.501625
-0.916624
0.162873
1.09617
-0.749176
-0.142109
-1.51528
0.574901
-0.817421
0.712407
0.599097
-1.2141
0.0159074
0.0259626
0.383668
-0.806471
-0.242931
-0.378676
-1.26605
-0.2017
-0.878426
-0.534646
0.997529
-0.773481
-1.26788
-0.561336
-0.761679
-0.195498
1.30059
1.02239
1.17452
-1.48221
0.593872
-1.32431
-0.591169
-0.65315
0.301312
0.350051
-0.248839
0.390693
0.475022
-0.755915
0.224189
0.740292
0.921941
1.07415
-0.795382
-0.96629
-0.667828
1.40848
0.0160457
0.610538
-0.361051
0.916992
-1.09689
-1.12354
0.126767
1.38012
-0.691017
0.777397
0.664764
1.17588
0.0826364
0.0385615
-0.368588
-0.799224
-0.121848
-1.14955
0.0760176
0.695764
-0.459027
0.882837
-1.52469
0.817276
0.0143862
0.277921
0.526652
0.813283
-0.716573
0.286714
0.709766
-1.11024
-0.833607
0.834433
0.318206
0.60377
-0.603405
-0.225599
-0.947826
-0.723748
-1.07195
-1.18184
-0.962534
0.794094
0.488295
0.545807
-0.628222
0.780963
-1.01756
0.0681036
1.03453
-0.710985
-0.747828
0.836828
0.540711
-0.0444828
-0.49546
0.338355
1.38416
-1.10887
0.0440364
0.407524
-0.930897
-0.279192
-0.142807
-0.779822
-0.478913
0.637238
0.664587
0.894622
-0.571244
-0.0789683
1.40046
0.491016
0.522526
-1.06273
0.0680921
0.643672
0.0154205
0.657663
0.628666
0.712636
-0.207345
-1.10686
-0.0328049
-0.405774
-0.501254
0.927462
0.715024
1.11329
1.03454
-1.02035
-0.240578
-0.201799
-1.62354
-0.973416
-1.38429
0.373341
0.715785
1.01753
-0.0158338
-0.801788
0.307038
-0.456188
-1.14016
0.120133
-1.44094
1.57699
1.28876
0.628433
1.38526
-0.143975
-1.01019
0.978818
-0.439517
-0.468111
-1.25242
-0.656332
0.971968
-0.401128
1.13895
0.44374
0.63141
1.01157
-1.22067
-1.34153
0.617071
1.16532
-1.29711
0.592218
-0.0987249
0.889493
0.309893
-0.305927
-1.88316
-1.33984
-0.565223
-0.825316
1.19573
-1.40547
0.987444
-0.875707
1.38025
1.04899
0.488296
0.0417059
0.726083
-1.00099
-1.3692
-0.0424946
0.60143
-1.40195
0.235312
0.970166
0.286436
0.743319
1.7089
0.316995
-0.966389
0.759733
0.950466
0.0962952
1.14413
-0.645722
-0.140231
-1.09509
1.28481
1.2059
1.29727
0.724142
1.34239
1.17741
0.843747
1.30359
-0.772955
-0.133889
1.31742
0.45484
0.202933
0.0200188
0.873553
0.926463
0.370553
1.05472
-0.548883
-1.3986
-1.54959
-0.395159
-0.430434
1.03095
-0.24587
0.129828
1.02872
-0.294486
0.455455
0.997353
0.442111
-0.69571
-1.41696
1.1525
1.13795
1.19139
0.202319
-1.46706
0.131716
0.315292
0.631718
-0.833736
0.366018
-1.19022
1.22003
-2.04845
-0.560389
-0.305566
-0.065672
-0.411312
-1.52692
0.834343
-0.121148
-1.07995
-0.801712
0.117036
-0.0868755
-1.25487
-0.153476
0.888112
-0.443895
-0.194209
-0.88763
-0.699221
-1.48797
-0.995028
-1.41585
-0.146424
-0.334398
-0.832789
0.521297
-1.42303
-0.540033
0.716888
-0.818237
0.828025
-1.4016
-1.14048
0.0648656
1.16115
-0.00858946
0.939304
-0.0754404
-0.970111
0.0431801
-0.0903078
-0.724109
0.228292
0.385472
-0.29794
-1.09873
-0.216475
1.44387
-0.310162
-0.718196
0.767881
1.49681
0.712561
-0.390588
1.23829
1.20972
-1.20335
0.636122
-0.381751
-0.67604
-0.674629
-0.499314
-0.590088
0.665086
-1.49712
-0.550477
-0.273054
-1.30912
-1.23877
-0.289419
0.336069
-1.31822
1.60476
-0.341924
1.12596
0.727329
0.708259
-0.450919
-1.28785
-0.127874
-0.337279
-0.196422
0.577522
-0.522944
-0.318812
0.02405
-0.47017
-1.03196
-0.76295
0.971287
0.793484
-0.795294
0.588942
0.186741
0.605751
-1.42918
-0.393298
-0.123373
-1.04869
-0.109267
-1.32071
-1.12567
-1.22983
1.29543
0.5347
0.328216
-0.87359
0.14869
-0.669801
-0.45049
-0.412633
-1.05777
0.241976
0.871424
-0.542855
-0.271005
-0.727147
1.09681
0.831314
1.4303
-1.15871
1.21077
-1.23998
-0.471209
0.621891
-0.658628
-0.801104
-0.824345
1.34886
0.688985
-0.8526
1.38932
0.794051
-1.58461
0.532404
0.0393447
-1.26745
-0.630821
-0.540081
-0.909166
-1.12842
-1.87906
-0.647447
0.0511616
0.137023
-1.98125
1.14836
0.382753
-0.836248
0.107285
-0.214254
1.01424
-0.270803
-1.16529
-0.0954912
1.11424
-0.0490653
0.929966
0.206303
0.999376
0.9813
-0.141982
-0.736818
-0.0987951
0.836985
-1.14095
-1.0948
-0.29078
-1.37455
-1.03629
-0.669458
-1.52466
-0.398855
-0.51834
-0.979593
-0.177873
0.510353
-0.280146
-0.902397
-0.405216
-0.801884
-0.00858579
-1.57619
-1.32757
-0.375681
1.64651
0.036722
1.28947
0.834477
-0.809603
1.2747
0.931328
0.90922
-0.455413
0.996946
-0.497529
-0.900597
0.774661
-0.566668
-0.767789
-0.745678
0.740069
0.596892
0.674469
1.37897
-0.953031
0.844798
-0.430267
1.03522
-0.867937
0.498218
0.338022
-0.453402
0.985456
0.904891
-0.9167
0.849051
-0.744777
-1.38787
-0.208623
0.803588
1.25185
0.652335
0.816891
0.0278311
0.592958
-0.383569
-0.213613
1.17918
0.634389
-0.459948
-1.18136
-1.08678
-0.501926
0.889708
-0.0401897
-0.090349
-0.837104
-1.18592
0.834233
-0.630754
-0.274728
0.751645
-1.26118
0.898534
-0.72915
1.03264
-0.739368
-1.31313
-0.638206
-0.303157
-0.743484
0.600123
-0.543865
1.22738
-0.945727
0.991422
0.388352
-0.174976
0.861725
0.533418
1.46107
-0.711433
1.23129
1.02071
0.425773
-0.850509
1.3081
-0.86741
-1.12858
1.05708
1.56257
-0.184687
1.19058
0.861409
0.78733
0.844625
0.917449
-0.880468
0.664122
-1.88231
-0.149001
0.087013
-0.330691
1.213
-0.309268
-0.635855
-0.238233
-0.762631
0.188282
0.448377
-0.890013
-1.38957
0.600378
-0.445592
1.0421
1.65186
0.450827
-0.552417
-1.64334
-0.388463
0.862015
-0.166208
-0.723508
1.61689
0.024768
-0.00775775
1.06911
1.13694
-1.02335
-0.523541
-1.05239
-0.037107
-0.739315
0.115863
0.531992
0.768074
-1.7159
0.452294
0.101909
-0.831154
-0.680951
-0.936518
0.429787
0.496768
-0.445877
-0.305425
0.100706
1.83119
-0.37562
0.419869
1.36951
-0.994934
-0.101336
-0.0514337
-0.898424
0.429666
1.21507
-0.541798
0.485174
0.44542
-0.883032
-0.784472
-0.30645
-0.0997814
0.626355
0.301269
-0.467165
-0.546759
-0.360053
-0.779423
-0.207668
0.182706
1.2722
-0.760265
0.248464
0.0883003
-1.36758
-1.00213
-1.66977
-1.60881
-0.495276
-0.292555
0.852554
-0.203452
-0.87201
0.346242
0.994637
-0.171284
-1.24424
0.980307
1.29322
1.17979
-0.174341
-0.797023
-1.57821
0.15827
1.29482
-1.39208
-0.454999
1.38046
-0.449965
-0.395453
-0.437603
0.57247
-1.06005
-1.56643
0.399997
1.15145
-0.756265
-0.760757
0.57627
-0.435297
-0.808453
1.6134
0.665696
-0.95435
1.0515
0.827202
0.649745
-0.770312
-1.26556
0.671851
1.07611
-0.239063
-0.0739744
-1.19306
0.254303
-1.29487
0.498169
0.625089
-1.22087
0.734306
-1.23619
0.570071
-1.23916
-0.0856486
-1.51516
0.554849
-0.602787
1.08006
0.896801
-0.385806
-0.575036
-0.759424
0.495234
1.22598
-0.729461
0.411006
0.603846
-0.403604
0.596202
-0.831504
1.42925
1.33385
0.291059
-0.226533
-0.310459
0.663219
-0.571844
-0.720569
-0.0316373
0.326959
0.411221
-0.173812
1.23087
0.955414
0.413974
0.0660484
0.744766
0.667056
1.48936
0.268255
-0.734984
0.780439
1.08915
1.00538
0.561852
-1.42284
1.36755
-0.406169
0.928578
-0.334402
0.136239
1.06773
0.184249
1.02543
0.0888858
-0.0769142
1.18019
0.849649
0.290363
-0.258443
1.21283
0.496746
0.582406
0.459336
1.12925
0.551482
0.459491
0.328419
-1.25194
0.866047
1.64434
0.991469
-0.994838
0.333153
0.840624
0.411616
-0.866955
-0.347376
1.60699
0.906262
1.16876
-0.141283
0.0156889
-0.434337
-0.826201
0.671731
0.596664
-0.615471
-0.0778135
0.695678
-1.10174
0.845379
1.14289
-1.18444
-0.492693
-1.32128
-1.18459
0.800577
0.746393
-0.336317
0.573662
-0.780381
0.921476
-1.12691
-0.693393
-1.4705
0.733314
1.32167
-0.378448
-0.673858
0.819778
0.289311
-0.163855
-0.821331
0.948322
-0.969645
1.21129
0.865046
-0.554238
-0.437207
1.03896
-1.10929
-1.00697
0.00647386
1.0551
-0.330738
-0.376874
0.69085
0.438541
1.08691
-0.835844
0.188446
-0.198013
0.997329
-0.50308
-0.503278
0.820559
-0.969465
0.937856
-1.82929
-0.745943
0.713714
-0.550542
0.836618
-0.718486
-0.0842024
-0.467755
-0.522457
-0.072854
-1.56872
-0.488293
0.58161
-0.506154
0.4864
-0.912931
-0.971513
1.55052
0.57812
1.7158
1.50171
0.0410202
-0.768275
-1.51611
-0.564423
0.892411
0.0614487
0.140941
0.726403
1.1888
0.103236
0.807793
1.35235
0.0987229
1.62803
-0.940573
-0.871128
-0.503067
-0.983302
1.4379
1.06323
1.03728
0.124625
0.173644
0.537949
-0.503906
0.0864194
0.773776
-0.430257
-0.249705
0.774815
0.454149
1.65672
0.741867
0.962766
0.748899
0.877668
-0.12122
-0.72792
1.10532
-0.779436
-0.385749
1.1711
0.564757
-0.467621
-0.833459
0.609429
1.15759
1.29463
-1.06689
0.0226395
1.50033
-1.0924
-0.857717
0.306305
-0.34933
-1.50137
-1.53047
0.281889
-1.05377
-0.570041
0.501714
-0.974656
0.287899
-0.607648
0.88541
-0.0771808
-0.774102
-0.965213
0.832042
0.751338
-0.272549
1.4239
0.794854
-0.639628
-1.73567
1.3201
-0.0963139
1.06286
-0.945815
-0.414718
0.752527
-0.362478
-1.27552
-0.556736
-0.611309
0.690557
0.986891
0.46953
-1.00866
1.15571
-0.0879365
1.12847
0.423581
-0.11227
1.55683
-1.54028
-0.969238
-0.797265
-0.0712587
-0.870275
-0.136382
-0.693246
0.531357
-0.353509
0.675886
0.984472
-0.118002
1.20526
-0.37531
-1.60536
-0.328568
0.982806
-0.390392
0.92883
-0.207244
0.936561
-0.127314
-1.44211
1.48667
0.336942
0.471747
0.954722
0.481156
-0.545057
-0.132708
-0.0331378
0.498632
0.32878
-0.521082
0.194411
1.02981
1.20723
1.57122
1.35184
1.91676
-0.538322
-0.314692
-0.630959
0.788942
-0.462916
-1.1784
0.297413
-0.902662
-0.644008
-0.46821
1.00612
0.0450573
-0.316444
-0.439724
-1.01664
0.0860214
0.757781
1.05319
-0.824798
0.0335168
0.152872
0.167863
-0.912152
-1.59172
0.439237
-0.616594
-0.45101
1.02863
-0.444255
1.63164
0.541683
-0.845788
0.504449
-1.37068
1.51263
-0.165997
-0.954362
0.391315
-1.42402
-1.06432
-0.127736
-0.477728
1.06428
0.650217
-0.66189
0.948689
0.64603
-0.63364
1.23716
0.659899
-0.678657
1.0361
0.610908
-0.942039
-0.781725
0.671905
-1.00246
-0.368233
0.0167896
-0.523612
0.72785
1.1538
0.622312
-0.68702
-1.15712
0.6406
0.559483
0.848227
-1.28167
1.02808
0.462621
-1.5857
0.542821
-1.33548
-0.513094
0.471265
-0.971807
-0.139366
-0.480705
0.960231
0.356806
0.328129
1.32399
0.151503
1.00714
-1.50315
0.601115
0.534826
-0.393088
-0.240289
-0.628945
1.03027
0.570636
0.508348
-0.023283
-1.05216
0.623788
-0.469935
0.238435
-1.29747
-0.179696
-0.138531
1.14392
0.97942
0.43689
-0.404971
-1.6701
1.0631
-1.26677
-0.233774
-0.601342
0.416111
0.503733
-0.429205
0.381683
-0.752936
1.07851
-1.04888
-0.418713
-0.288015
-0.916392
0.960285
-1.17685
0.203092
0.117488
-0.158742
1.19869
0.221106
0.768844
-0.652151
-0.142343
0.53017
-0.751106
-1.35374
1.76952
-0.265753
-1.16698
-0.647178
-0.605486
0.767943
-0.212631
0.978747
0.628713
1.47416
-1.03454
0.710465
0.253931
-0.471771
0.493373
-1.1978
0.666671
-0.566235
1.06469
-0.691881
0.590483
-0.507651
-1.17854
0.559926
0.518321
-0.687874
0.754713
-0.27723
1.20874
0.888143
-0.790421
1.16556
-1.00401
0.397386
1.29414
-0.376945
-0.839733
-0.583656
0.097974
-0.0137893
-0.18598
-0.423589
-0.529156
1.16356
0.412122
-1.07833
0.708319
0.473979
-0.708343
-0.0349844
-0.618939
-0.523567
1.38507
0.717826
-1.1337
0.194455
-0.73073
-0.0752909
1.22371
1.57745
-0.819961
-0.642468
-1.33103
-1.19142
-0.347989
-0.949693
0.0273405
-0.687723
1.01104
-1.2783
-0.119335
0.788284
1.1126
-0.984897
0.700679
-0.28943
0.253224
1.09715
0.626156
-0.333674
-1.30456
0.476818
-0.901822
0.648568
0.729129
-1.8353
0.740021
1.04483
0.136771
1.0583
1.12796
0.408969
-0.503397
-0.357165
-0.596872
-0.206404
0.486671
0.135865
1.38103
-2.08038
-0.578434
-0.013119
-0.912354
-0.65946
-0.170338
1.2377
1.64106
-1.66698
-0.50478
0.571748
0.765878
-2.27732
0.332679
-1.26603
1.32569
1.18651
-0.679928
0.890548
-0.379322
-1.72796
1.0308
-0.475876
0.270271
0.341886
1.61485
-1.17419
0.543104
-0.0944315
-0.948568
0.280769
-1.31444
0.52554
1.18799
1.11542
0.828539
0.309882
1.01378
0.566789
0.993736
0.343695
0.237674
-0.325832
0.00715868
-1.15432
-0.963897
1.21595
-0.359767
0.850351
0.999374
-1.44851
0.673631
0.348763
-0.87185
0.478319
0.552767
0.423347
-0.542792
1.42199
0.784464
0.912936
0.36405
-0.21598
0.00545238
-1.03448
-0.471695
-0.782401
-1.42751
-1.28485
-0.283573
1.25715
0.39432
0.49663
-0.756867
-0.840178
-1.33791
-2.29402
-0.907924
-0.751249
1.47305
0.0377174
1.47473
-0.860811
-1.27438
-0.935288
-1.29803
0.0959284
0.1657
0.46678
-0.548151
0.844151
0.95987
1.61434
-0.0071799
0.577387
1.18932
0.376823
1.06091
-1.06229
1.16295
0.100767
-1.00182
-0.651258
-0.984507
-0.869143
0.51451
0.829594
-1.26083
0.369194
0.987923
0.703124
0.275756
-0.346877
-0.33183
-0.618241
-0.729553
1.3978
0.268852
-0.240139
-1.16733
0.349317
1.25769
0.00158455
-0.299436
0.437406
-0.269173
1.04438
0.840659
1.47847
-0.0277107
0.463416
-0.044566
1.45388
-0.76822
1.07652
0.488339
0.941758
-0.459982
0.623982
0.326333
0.154009
0.939048
0.363052
-0.661343
-0.698486
-0.610584
0.407872
1.11911
-1.70316
1.02771
-0.246891
-0.0235464
-0.417412
0.463506
0.24097
-0.323143
-1.57099
0.900431
-0.654479
1.4197
-0.667288
0.533929
-1.04754
0.538796
0.356538
0.0746369
-0.782353
0.645942
-1.19034
-0.526199
-0.709257
1.32124
-0.292044
1.08639
0.900158
0.200751
-1.61163
-1.02761
-1.15036
-1.10258
-1.58035
-0.265492
-1.6409
1.72965
-0.767575
-0.401199
-0.387308
0.223871
-0.56775
-0.964987
-0.540647
1.38415
0.197373
-1.11346
0.744473
0.243922
0.165659
-0.195757
-1.07
-1.12262
1.39108
0.475378
0.981481
1.36635
1.15173
-1.15669
1.34007
0.616109
-1.02177
-0.850104
-1.25272
0.79898
0.0863777
-0.16318
0.650647
-1.35203
-1.40044
-0.235793
0.914482
-0.400231
1.27254
0.491097
0.330877
0.554212
-0.118579
-1.08754
0.847038
0.00928697
1.01566
-0.180849
0.960271
1.32617
0.688357
1.01046
-0.843548
-1.64829
-0.748942
0.456615
-0.410308
0.383329
-0.504352
-0.806892
0.452978
0.89238
-0.494443
-1.40288
-0.306554
0.413471
0.270968
1.25731
-1.22783
-0.962163
-0.523605
1.56388
0.100393
-0.399796
-0.720797
-0.753163
0.0472018
0.418554
-0.680964
-0.6896
-1.04907
1.07105
1.31122
-0.142058
-1.39804
1.0004
-1.79183
1.05796
-0.0835078
-1.19548
-0.498775
-0.860045
0.487089
-0.899619
-1.17322
-1.28577
-1.09228
0.591453
-0.983879
-0.761999
-1.98199
0.786279
0.764699
-0.386074
-0.871968
1.25512
0.305485
-1.08227
1.57467
0.172341
-1.18005
-0.568447
-1.00453
-0.573495
-1.54948
0.888168
-0.438515
0.766199
0.00946096
-0.164856
-1.03815
-0.877936
-0.19893
-0.266747
-1.34504
-1.19116
-0.735098
0.709121
1.09929
0.326998
1.04713
-1.25899
1.02658
-0.770687
0.8718
-0.904474
0.710343
-0.369635
-0.90431
0.617762
1.47462
-0.226573
-0.524859
0.689218
0.338558
0.00629658
0.261293
-0.39151
-0.685947
-0.70974
0.481724
0.255617
1.04795
0.267976
-0.657464
-0.854595
-0.229129
0.116537
-1.47802
-1.06466
0.309682
0.195516
-0.221153
-0.315095
-0.526132
0.463162
-0.0562191
-0.787584
0.509522
0.886307
-0.0632108
0.877229
0.17309
-0.661641
-0.210164
1.14774
-0.606332
0.120258
-0.139399
-0.821356
-0.313085
-0.0695791
-0.44822
0.185034
-1.65431
0.619109
0.937658
1.1004
-0.144622
-1.27472
-0.578893
-0.474314
-1.34854
-1.41069
-0.0322345
0.659751
1.01565
1.07812
1.2407
0.840711
-0.613368
-0.290816
0.632931
0.821718
-0.304404
-1.37316
-1.00262
1.21979
-0.266072
-0.808739
0.472503
-1.07702
-0.077257
1.24025
-0.223635
0.864801
-0.802648
-0.985435
0.952294
-1.18561
-0.700275
0.434674
