#     BLOCK:   ACTUAL_CV:    CV_AVE:      ERROR:
           1      1.371655e-01      1.371655e-01      0.000000e+00
           2      1.376351e-01      1.374003e-01      1.660463e-04
           3      1.346363e-01      1.364790e-01      7.603717e-04
           4      1.339741e-01      1.358527e-01      7.869755e-04
           5      1.386406e-01      1.364103e-01      8.031741e-04
           6      1.359711e-01      1.363371e-01      6.726388e-04
           7      1.369461e-01      1.364241e-01      5.821454e-04
           8      1.374272e-01      1.365495e-01      5.227065e-04
           9      1.376786e-01      1.366750e-01      4.794462e-04
          10      1.386826e-01      1.368757e-01      4.716676e-04
          11      1.366389e-01      1.368542e-01      4.292799e-04
          12      1.355456e-01      1.367451e-01      4.071211e-04
          13      1.373955e-01      1.367952e-01      3.788655e-04
          14      1.377983e-01      1.368668e-01      3.585146e-04
          15      1.380148e-01      1.369434e-01      3.426848e-04
          16      1.405575e-01      1.371692e-01      3.886474e-04
          17      1.368530e-01      1.371506e-01      3.662307e-04
          18      1.364414e-01      1.371112e-01      3.479977e-04
          19      1.384687e-01      1.371827e-01      3.369363e-04
          20      1.376768e-01      1.372074e-01      3.209941e-04
           1      1.545847e-01      1.545847e-01      0.000000e+00
           2      1.573804e-01      1.559825e-01      9.884382e-04
           3      1.572235e-01      1.563962e-01      7.404795e-04
           4      1.602743e-01      1.573657e-01      1.006680e-03
           5      1.595067e-01      1.577939e-01      8.917708e-04
           6      1.575918e-01      1.577602e-01      7.437782e-04
           7      1.571178e-01      1.576684e-01      6.431606e-04
           8      1.550144e-01      1.573367e-01      6.426606e-04
           9      1.584915e-01      1.574650e-01      5.839228e-04
          10      1.579228e-01      1.575108e-01      5.273224e-04
          11      1.570882e-01      1.574724e-01      4.807815e-04
          12      1.582591e-01      1.575379e-01      4.451641e-04
          13      1.568937e-01      1.574884e-01      4.136696e-04
          14      1.535845e-01      1.572095e-01      4.687765e-04
          15      1.614768e-01      1.574940e-01      5.166858e-04
          16      1.596797e-01      1.576306e-01      5.021269e-04
          17      1.604558e-01      1.577968e-01      4.993340e-04
          18      1.580232e-01      1.578094e-01      4.717516e-04
          19      1.578312e-01      1.578105e-01      4.469240e-04
          20      1.573776e-01      1.577889e-01      4.251016e-04
           1      1.852711e-01      1.852711e-01      0.000000e+00
           2      1.810888e-01      1.831800e-01      1.478667e-03
           3      1.803416e-01      1.822339e-01      1.252405e-03
           4      1.860878e-01      1.831974e-01      1.256399e-03
           5      1.825232e-01      1.830625e-01      1.012327e-03
           6      1.845307e-01      1.833072e-01      8.726786e-04
           7      1.858955e-01      1.836770e-01      8.226214e-04
           8      1.850952e-01      1.838543e-01      7.386490e-04
           9      1.798382e-01      1.834080e-01      7.798010e-04
          10      1.816348e-01      1.832307e-01      7.216996e-04
          11      1.823851e-01      1.831538e-01      6.601720e-04
          12      1.834648e-01      1.831798e-01      6.056660e-04
          13      1.851385e-01      1.833304e-01      5.775147e-04
          14      1.815638e-01      1.832042e-01      5.498770e-04
          15      1.807803e-01      1.830426e-01      5.364386e-04
          16      1.826450e-01      1.830178e-01      5.034867e-04
          17      1.842096e-01      1.830879e-01      4.787256e-04
          18      1.837746e-01      1.831260e-01      4.536473e-04
          19      1.803190e-01      1.829783e-01      4.531894e-04
          20      1.829125e-01      1.829750e-01      4.305419e-04
           1      2.138163e-01      2.138163e-01      0.000000e+00
           2      2.160014e-01      2.149088e-01      7.725396e-04
           3      2.141963e-01      2.146713e-01      5.503276e-04
           4      2.126782e-01      2.141730e-01      5.971385e-04
           5      2.135449e-01      2.140474e-01      4.907474e-04
           6      2.129487e-01      2.138643e-01      4.418003e-04
           7      2.138758e-01      2.138659e-01      3.786890e-04
           8      2.135356e-01      2.138246e-01      3.335971e-04
           9      2.153281e-01      2.139917e-01      3.357609e-04
          10      2.134446e-01      2.139370e-01      3.066101e-04
          11      2.171663e-01      2.142306e-01      3.950271e-04
          12      2.138491e-01      2.141988e-01      3.633851e-04
          13      2.118728e-01      2.140198e-01      3.769163e-04
          14      2.111021e-01      2.138114e-01      4.035178e-04
          15      2.113593e-01      2.136480e-01      4.083906e-04
          16      2.061047e-01      2.131765e-01      5.957866e-04
          17      2.110599e-01      2.130520e-01      5.736022e-04
          18      2.130801e-01      2.130536e-01      5.417376e-04
          19      2.116919e-01      2.129819e-01      5.179435e-04
          20      2.107876e-01      2.128722e-01      5.035322e-04
           1      2.512347e-01      2.512347e-01      0.000000e+00
           2      2.515747e-01      2.514047e-01      1.202103e-04
           3      2.474386e-01      2.500827e-01      1.082407e-03
           4      2.524943e-01      2.506856e-01      9.652137e-04
           5      2.505399e-01      2.506564e-01      7.726109e-04
           6      2.484135e-01      2.502826e-01      7.286916e-04
           7      2.479090e-01      2.499435e-01      6.990516e-04
           8      2.526803e-01      2.502856e-01      6.903218e-04
           9      2.508974e-01      2.503536e-01      6.169569e-04
          10      2.481991e-01      2.501382e-01      5.916843e-04
          11      2.488563e-01      2.500216e-01      5.492508e-04
          12      2.493201e-01      2.499632e-01      5.065811e-04
          13      2.518340e-01      2.501071e-01      4.876270e-04
          14      2.545493e-01      2.504244e-01      5.463624e-04
          15      2.535245e-01      2.506311e-01      5.476351e-04
          16      2.470833e-01      2.504093e-01      5.564898e-04
          17      2.527874e-01      2.505492e-01      5.410511e-04
          18      2.492663e-01      2.504779e-01      5.156657e-04
          19      2.535158e-01      2.506378e-01      5.127145e-04
          20      2.557222e-01      2.508920e-01      5.464819e-04
           1      3.014664e-01      3.014664e-01      0.000000e+00
           2      2.985840e-01      3.000252e-01      1.019094e-03
           3      2.986029e-01      2.995511e-01      7.819405e-04
           4      3.057007e-01      3.010885e-01      1.454866e-03
           5      3.030775e-01      3.014863e-01      1.217063e-03
           6      2.943072e-01      3.002898e-01      1.490533e-03
           7      2.957369e-01      2.996394e-01      1.412398e-03
           8      2.967146e-01      2.992738e-01      1.282293e-03
           9      2.968107e-01      2.990001e-01      1.168656e-03
          10      2.975382e-01      2.988539e-01      1.060895e-03
          11      2.932101e-01      2.983408e-01      1.081422e-03
          12      2.942734e-01      2.980019e-01      1.043071e-03
          13      2.987390e-01      2.980586e-01      9.643750e-04
          14      2.952292e-01      2.978565e-01      9.164223e-04
          15      2.919031e-01      2.974596e-01      9.373408e-04
          16      2.898242e-01      2.969824e-01      9.928313e-04
          17      2.979715e-01      2.970406e-01      9.361327e-04
          18      3.013193e-01      2.972783e-01      9.138065e-04
          19      2.958729e-01      2.972043e-01      8.686996e-04
          20      2.922680e-01      2.969575e-01      8.596131e-04
           1      3.461507e-01      3.461507e-01      0.000000e+00
           2      3.530500e-01      3.496003e-01      2.439279e-03
           3      3.474587e-01      3.488865e-01      1.727496e-03
           4      3.506246e-01      3.493210e-01      1.349170e-03
           5      3.398009e-01      3.474170e-01      2.016237e-03
           6      3.447573e-01      3.469737e-01      1.728238e-03
           7      3.481894e-01      3.471474e-01      1.490047e-03
           8      3.421088e-01      3.465175e-01      1.430722e-03
           9      3.516613e-01      3.470891e-01      1.381197e-03
          10      3.534435e-01      3.477245e-01      1.381540e-03
          11      3.594678e-01      3.487921e-01      1.616633e-03
          12      3.551567e-01      3.493225e-01      1.566503e-03
          13      3.475711e-01      3.491878e-01      1.451784e-03
          14      3.521139e-01      3.493968e-01      1.363048e-03
          15      3.419789e-01      3.489022e-01      1.358929e-03
          16      3.507133e-01      3.490154e-01      1.278701e-03
          17      3.528684e-01      3.492421e-01      1.223404e-03
          18      3.537096e-01      3.494903e-01      1.180345e-03
          19      3.430296e-01      3.491502e-01      1.166172e-03
          20      3.523010e-01      3.493078e-01      1.118454e-03
           1      4.173463e-01      4.173463e-01      0.000000e+00
           2      4.125844e-01      4.149653e-01      1.683584e-03
           3      4.040411e-01      4.113239e-01      3.177985e-03
           4      4.096333e-01      4.109013e-01      2.411430e-03
           5      4.115749e-01      4.110360e-01      1.932904e-03
           6      4.188902e-01      4.123450e-01      2.005616e-03
           7      3.973989e-01      4.102099e-01      2.619725e-03
           8      4.092535e-01      4.100903e-01      2.294985e-03
           9      4.046183e-01      4.094823e-01      2.118994e-03
          10      4.060553e-01      4.091396e-01      1.934608e-03
          11      4.054267e-01      4.088021e-01      1.787937e-03
          12      4.054007e-01      4.085186e-01      1.661258e-03
          13      4.021342e-01      4.080275e-01      1.604421e-03
          14      4.140233e-01      4.084558e-01      1.545922e-03
          15      4.078671e-01      4.084166e-01      1.443359e-03
          16      4.028102e-01      4.080662e-01      1.395033e-03
          17      4.062409e-01      4.079588e-01      1.317098e-03
          18      4.047750e-01      4.077819e-01      1.255746e-03
          19      4.116107e-01      4.079834e-01      1.205715e-03
          20      3.962390e-01      4.073962e-01      1.280468e-03
           1      4.735082e-01      4.735082e-01      0.000000e+00
           2      4.671613e-01      4.703348e-01      2.243970e-03
           3      4.674195e-01      4.693630e-01      1.693369e-03
           4      4.808713e-01      4.722401e-01      2.796628e-03
           5      4.794944e-01      4.736909e-01      2.586413e-03
           6      4.651620e-01      4.722695e-01      2.515820e-03
           7      4.592487e-01      4.704094e-01      2.759681e-03
           8      4.642727e-01      4.696423e-01      2.519077e-03
           9      4.749299e-01      4.702298e-01      2.306674e-03
          10      4.737930e-01      4.705861e-01      2.103348e-03
          11      4.567818e-01      4.693312e-01      2.255648e-03
          12      4.675325e-01      4.691813e-01      2.072651e-03
          13      4.680523e-01      4.690944e-01      1.915035e-03
          14      4.785043e-01      4.697666e-01      1.892527e-03
          15      4.450261e-01      4.681172e-01      2.378880e-03
          16      4.687139e-01      4.681545e-01      2.230492e-03
          17      4.699960e-01      4.682628e-01      2.101915e-03
          18      4.686230e-01      4.682828e-01      1.985238e-03
          19      4.548451e-01      4.675756e-01      2.002773e-03
          20      4.901821e-01      4.687059e-01      2.198583e-03
           1      5.482351e-01      5.482351e-01      0.000000e+00
           2      5.042011e-01      5.262181e-01      1.556838e-02
           3      5.285272e-01      5.269878e-01      1.039793e-02
           4      5.425672e-01      5.308827e-01      8.496653e-03
           5      5.215593e-01      5.290180e-01      6.998943e-03
           6      5.241050e-01      5.281992e-01      5.880156e-03
           7      5.048571e-01      5.248646e-01      5.910485e-03
           8      4.928495e-01      5.208627e-01      6.384310e-03
           9      5.429714e-01      5.233192e-01      6.129352e-03
          10      5.160813e-01      5.225954e-01      5.558987e-03
          11      4.823658e-01      5.189382e-01      6.139918e-03
          12      5.162353e-01      5.187129e-01      5.632389e-03
          13      5.295258e-01      5.195447e-01      5.260184e-03
          14      5.480825e-01      5.215831e-01      5.264624e-03
          15      5.119275e-01      5.209394e-01      4.952846e-03
          16      4.896451e-01      5.189835e-01      5.014638e-03
          17      5.162214e-01      5.188210e-01      4.722291e-03
          18      5.546633e-01      5.208123e-01      4.861669e-03
          19      4.998562e-01      5.197093e-01      4.729249e-03
          20      5.330995e-01      5.203788e-01      4.539929e-03
           1      2.015380e-01      2.015380e-01      0.000000e+00
           2      2.753766e-01      2.384573e-01      2.610588e-02
           3      3.152839e-01      2.640662e-01      2.720489e-02
           4      2.057644e-01      2.494907e-01      2.399254e-02
           5      3.059228e-01      2.607771e-01      2.168681e-02
           6      2.180720e-01      2.536596e-01      1.920483e-02
           7      2.229510e-01      2.492727e-01      1.695493e-02
           8      2.573613e-01      2.502838e-01      1.486568e-02
           9      2.750043e-01      2.530305e-01      1.346531e-02
          10      3.334558e-01      2.610730e-01      1.432057e-02
          11      2.714318e-01      2.620147e-01      1.304963e-02
          12      2.992590e-01      2.651184e-01      1.232572e-02
          13      3.067237e-01      2.683188e-01      1.178576e-02
          14      2.441442e-01      2.665921e-01      1.106970e-02
          15      2.066979e-01      2.625991e-01      1.102838e-02
          16      2.495660e-01      2.617845e-01      1.036914e-02
          17      2.353413e-01      2.602291e-01      9.875174e-03
          18      2.604152e-01      2.602394e-01      9.326558e-03
          19      3.172083e-01      2.632378e-01      9.305180e-03
          20      2.747101e-01      2.638114e-01      8.857583e-03
