#     BLOCK:   ACTUAL_X:     X_AVE:       ERROR:
           1      9.064208e-01      9.064208e-01      0.000000e+00
           2      8.961312e-01      9.012760e-01      3.637923e-03
           3      8.961184e-01      8.995568e-01      2.802218e-03
           4      9.124672e-01      9.027844e-01      3.497147e-03
           5      8.946992e-01      9.011674e-01      3.149457e-03
           6      8.877648e-01      8.989336e-01      3.323600e-03
           7      8.977472e-01      8.987641e-01      2.853119e-03
           8      8.913744e-01      8.978404e-01      2.641779e-03
           9      8.866704e-01      8.965993e-01      2.623638e-03
          10      9.205168e-01      8.989910e-01      3.274758e-03
          11      8.924032e-01      8.983921e-01      3.031322e-03
          12      9.052000e-01      8.989595e-01      2.831302e-03
          13      9.109936e-01      8.998852e-01      2.760696e-03
          14      8.844064e-01      8.987795e-01      2.776084e-03
          15      8.863136e-01      8.979485e-01      2.712557e-03
          16      9.027968e-01      8.982515e-01      2.559891e-03
          17      9.031584e-01      8.985401e-01      2.425528e-03
          18      9.177392e-01      8.996068e-01      2.514382e-03
          19      8.762720e-01      8.983786e-01      2.665164e-03
          20      9.042944e-01      8.986744e-01      2.548267e-03
           1      1.081736e+00      1.081736e+00      0.000000e+00
           2      1.042230e+00      1.061983e+00      1.396751e-02
           3      1.060329e+00      1.061431e+00      9.322548e-03
           4      1.079619e+00      1.065978e+00      8.024520e-03
           5      1.031970e+00      1.059177e+00      8.844236e-03
           6      1.023351e+00      1.053206e+00      9.166760e-03
           7      1.055633e+00      1.053553e+00      7.863778e-03
           8      1.035266e+00      1.051267e+00      7.205365e-03
           9      1.055774e+00      1.051768e+00      6.422149e-03
          10      1.032517e+00      1.049842e+00      6.061605e-03
          11      1.066339e+00      1.051342e+00      5.693048e-03
          12      1.044118e+00      1.050740e+00      5.250358e-03
          13      1.045843e+00      1.050363e+00      4.859977e-03
          14      1.039449e+00      1.049584e+00      4.574942e-03
          15      1.063732e+00      1.050527e+00      4.366096e-03
          16      1.022729e+00      1.048790e+00      4.425415e-03
          17      1.054687e+00      1.049137e+00      4.178671e-03
          18      1.031487e+00      1.048156e+00      4.059935e-03
          19      1.038572e+00      1.047652e+00      3.877462e-03
          20      1.022017e+00      1.046370e+00      3.889663e-03
           1      1.231141e+00      1.231141e+00      0.000000e+00
           2      1.212173e+00      1.221657e+00      6.706066e-03
           3      1.202141e+00      1.215152e+00      6.942673e-03
           4      1.229914e+00      1.218842e+00      6.109705e-03
           5      1.249571e+00      1.224988e+00      7.355747e-03
           6      1.260592e+00      1.230922e+00      8.180358e-03
           7      1.271390e+00      1.236703e+00      8.821105e-03
           8      1.238383e+00      1.236913e+00      7.720964e-03
           9      1.252813e+00      1.238680e+00      7.062307e-03
          10      1.254891e+00      1.240301e+00      6.539495e-03
          11      1.250029e+00      1.241185e+00      6.004489e-03
          12      1.239339e+00      1.241032e+00      5.506086e-03
          13      1.267293e+00      1.243052e+00      5.440519e-03
          14      1.232771e+00      1.242317e+00      5.101225e-03
          15      1.237076e+00      1.241968e+00      4.773095e-03
          16      1.263642e+00      1.243323e+00      4.663039e-03
          17      1.257088e+00      1.244132e+00      4.458488e-03
          18      1.258238e+00      1.244916e+00      4.279110e-03
          19      1.234613e+00      1.244374e+00      4.088106e-03
          20      1.237295e+00      1.244020e+00      3.898991e-03
           1      1.520535e+00      1.520535e+00      0.000000e+00
           2      1.491366e+00      1.505951e+00      1.031259e-02
           3      1.533059e+00      1.514987e+00      1.008469e-02
           4      1.522646e+00      1.516902e+00      7.743191e-03
           5      1.554331e+00      1.524387e+00      9.121519e-03
           6      1.525749e+00      1.524614e+00      7.604091e-03
           7      1.492627e+00      1.520045e+00      7.770432e-03
           8      1.459806e+00      1.512515e+00      9.789737e-03
           9      1.510634e+00      1.512306e+00      8.704220e-03
          10      1.546916e+00      1.515767e+00      8.494054e-03
          11      1.523848e+00      1.516502e+00      7.753575e-03
          12      1.614448e+00      1.524664e+00      1.056343e-02
          13      1.530328e+00      1.525100e+00      9.759837e-03
          14      1.491787e+00      1.522720e+00      9.348261e-03
          15      1.525512e+00      1.522906e+00      8.726896e-03
          16      1.510147e+00      1.522109e+00      8.217817e-03
          17      1.585634e+00      1.525846e+00      8.541848e-03
          18      1.549600e+00      1.527165e+00      8.168609e-03
          19      1.522653e+00      1.526928e+00      7.742134e-03
          20      1.548469e+00      1.528005e+00      7.429572e-03
           1      1.953612e+00      1.953612e+00      0.000000e+00
           2      1.939452e+00      1.946532e+00      5.006316e-03
           3      1.972409e+00      1.955158e+00      7.793786e-03
           4      1.935059e+00      1.950133e+00      7.287232e-03
           5      1.944205e+00      1.948947e+00      5.925454e-03
           6      1.964275e+00      1.951502e+00      5.460883e-03
           7      1.971621e+00      1.954376e+00      5.384258e-03
           8      1.915005e+00      1.949455e+00      6.586999e-03
           9      1.953569e+00      1.949912e+00      5.870955e-03
          10      1.938028e+00      1.948724e+00      5.402792e-03
          11      1.925967e+00      1.946655e+00      5.292904e-03
          12      1.910341e+00      1.943629e+00      5.651070e-03
          13      1.907292e+00      1.940833e+00      5.867059e-03
          14      1.969304e+00      1.942867e+00      5.789694e-03
          15      1.946847e+00      1.943132e+00      5.409791e-03
          16      1.951722e+00      1.943669e+00      5.098250e-03
          17      1.981819e+00      1.945913e+00      5.269146e-03
          18      1.946576e+00      1.945950e+00      4.976545e-03
          19      1.971736e+00      1.947307e+00      4.896185e-03
          20      1.964421e+00      1.948163e+00      4.725557e-03
           1      2.660560e+00      2.660560e+00      0.000000e+00
           2      2.677515e+00      2.669037e+00      5.994380e-03
           3      2.579776e+00      2.639284e+00      2.462035e-02
           4      2.588309e+00      2.626540e+00      2.151196e-02
           5      2.569347e+00      2.615101e+00      2.002108e-02
           6      2.487640e+00      2.593858e+00      2.558198e-02
           7      2.711112e+00      2.610608e+00      2.685723e-02
           8      2.561165e+00      2.604428e+00      2.420074e-02
           9      2.613549e+00      2.605441e+00      2.153298e-02
          10      2.600816e+00      2.604979e+00      1.938465e-02
          11      2.582347e+00      2.602921e+00      1.773127e-02
          12      2.631549e+00      2.605307e+00      1.641336e-02
          13      2.549248e+00      2.600995e+00      1.570706e-02
          14      2.569344e+00      2.598734e+00      1.474693e-02
          15      2.563528e+00      2.596387e+00      1.394933e-02
          16      2.592424e+00      2.596139e+00      1.307969e-02
          17      2.628819e+00      2.598062e+00      1.245076e-02
          18      2.617461e+00      2.599139e+00      1.180560e-02
          19      2.613931e+00      2.599918e+00      1.120989e-02
          20      2.599024e+00      2.599873e+00      1.064949e-02
           1      3.719769e+00      3.719769e+00      0.000000e+00
           2      3.723742e+00      3.721755e+00      1.404423e-03
           3      3.628997e+00      3.690836e+00      2.526301e-02
           4      3.716009e+00      3.697129e+00      1.971556e-02
           5      3.600320e+00      3.677767e+00      2.342381e-02
           6      3.842182e+00      3.705170e+00      3.172956e-02
           7      3.830477e+00      3.723071e+00      3.184859e-02
           8      4.016975e+00      3.759809e+00      4.424448e-02
           9      3.734566e+00      3.757004e+00      3.941723e-02
          10      3.748938e+00      3.756198e+00      3.548376e-02
          11      3.929662e+00      3.771967e+00      3.558995e-02
          12      3.633852e+00      3.760457e+00      3.443493e-02
          13      3.649938e+00      3.751956e+00      3.281875e-02
          14      3.949905e+00      3.766095e+00      3.338166e-02
          15      3.784138e+00      3.767298e+00      3.117788e-02
          16      3.643443e+00      3.759557e+00      3.017494e-02
          17      3.693698e+00      3.755683e+00      2.864755e-02
          18      3.612157e+00      3.747709e+00      2.814384e-02
          19      3.782757e+00      3.749554e+00      2.672296e-02
          20      3.743551e+00      3.749254e+00      2.538850e-02
           1      6.308455e+00      6.308455e+00      0.000000e+00
           2      6.469229e+00      6.388842e+00      5.684239e-02
           3      5.948527e+00      6.242070e+00      1.256872e-01
           4      6.039305e+00      6.191379e+00      1.039864e-01
           5      6.221342e+00      6.197372e+00      8.336160e-02
           6      6.203702e+00      6.198427e+00      6.947467e-02
           7      5.656087e+00      6.120950e+00      9.322733e-02
           8      6.188233e+00      6.129360e+00      8.195240e-02
           9      5.914531e+00      6.105490e+00      7.624361e-02
          10      5.939084e+00      6.088849e+00      7.041180e-02
          11      6.002967e+00      6.081042e+00      6.444213e-02
          12      6.219484e+00      6.092579e+00      6.009578e-02
          13      6.111964e+00      6.094070e+00      5.549152e-02
          14      5.893422e+00      6.079738e+00      5.334654e-02
          15      6.002593e+00      6.074595e+00      5.003740e-02
          16      6.355673e+00      6.092162e+00      4.989868e-02
          17      6.021127e+00      6.087984e+00      4.713809e-02
          18      6.267415e+00      6.097952e+00      4.556113e-02
          19      6.025538e+00      6.094141e+00      4.332229e-02
          20      6.166735e+00      6.097771e+00      4.130795e-02
           1      1.190413e+01      1.190413e+01      0.000000e+00
           2      1.096687e+01      1.143550e+01      3.313738e-01
           3      1.213785e+01      1.166962e+01      2.921379e-01
           4      1.257181e+01      1.189517e+01      2.935305e-01
           5      1.227318e+01      1.197077e+01      2.443669e-01
           6      1.159748e+01      1.190855e+01      2.114108e-01
           7      1.173825e+01      1.188422e+01      1.826037e-01
           8      1.150728e+01      1.183711e+01      1.657460e-01
           9      1.149871e+01      1.179951e+01      1.515345e-01
          10      1.155400e+01      1.177496e+01      1.383555e-01
          11      1.179347e+01      1.177664e+01      1.257880e-01
          12      1.228310e+01      1.181884e+01      1.221811e-01
          13      1.133891e+01      1.178193e+01      1.182285e-01
          14      1.219356e+01      1.181133e+01      1.133807e-01
          15      1.126277e+01      1.177476e+01      1.115641e-01
          16      1.133900e+01      1.174752e+01      1.078643e-01
          17      1.177307e+01      1.174903e+01      1.015298e-01
          18      1.170842e+01      1.174677e+01      9.591433e-02
          19      1.147859e+01      1.173265e+01      9.189892e-02
          20      1.265846e+01      1.177895e+01      9.827331e-02
           1      3.263793e+01      3.263793e+01      0.000000e+00
           2      3.174191e+01      3.218992e+01      3.167899e-01
           3      3.316881e+01      3.251622e+01      3.399748e-01
           4      3.534750e+01      3.322404e+01      6.639083e-01
           5      3.121521e+01      3.282227e+01      6.412710e-01
           6      3.057792e+01      3.244821e+01      6.341728e-01
           7      2.976668e+01      3.206514e+01      6.490446e-01
           8      2.983148e+01      3.178593e+01      6.250907e-01
           9      3.112031e+01      3.171197e+01      5.599942e-01
          10      3.104411e+01      3.164519e+01      5.079617e-01
          11      2.944354e+01      3.144504e+01      4.996617e-01
          12      2.817390e+01      3.117244e+01      5.271629e-01
          13      3.245365e+01      3.127100e+01      4.957389e-01
          14      3.498193e+01      3.153606e+01      5.264452e-01
          15      2.906732e+01      3.137148e+01      5.164352e-01
          16      3.037161e+01      3.130899e+01      4.879243e-01
          17      2.797666e+01      3.111297e+01      4.970404e-01
          18      3.246186e+01      3.118791e+01      4.750426e-01
          19      3.202028e+01      3.123172e+01      4.520559e-01
          20      3.087075e+01      3.121367e+01      4.298133e-01
           1      9.293026e+01      9.293026e+01      0.000000e+00
           2      8.907810e+01      9.100418e+01      1.361947e+00
           3      8.602266e+01      8.934367e+01      1.631743e+00
           4      9.228902e+01      9.008001e+01      1.379981e+00
           5      8.781049e+01      8.962611e+01      1.176267e+00
           6      9.172483e+01      8.997589e+01      1.030920e+00
           7      9.172078e+01      9.022516e+01      9.132845e-01
           8      9.123934e+01      9.035193e+01      8.078747e-01
           9      8.935326e+01      9.024097e+01      7.256914e-01
          10      8.707848e+01      8.992472e+01      7.187356e-01
          11      9.020656e+01      8.995034e+01      6.538525e-01
          12      8.852719e+01      8.983175e+01      6.100255e-01
          13      8.777752e+01      8.967373e+01      5.832074e-01
          14      9.170166e+01      8.981858e+01      5.592490e-01
          15      9.372138e+01      9.007877e+01      5.793376e-01
          16      9.107699e+01      9.014116e+01      5.464780e-01
          17      9.325763e+01      9.032448e+01      5.442129e-01
          18      9.019162e+01      9.031710e+01      5.140289e-01
          19      8.780917e+01      9.018510e+01      5.036372e-01
          20      9.006441e+01      9.017907e+01      4.784915e-01
