#   N_BLOCK:  ACCEPTANCE:
           10.000000e+00
           20.000000e+00
           30.000000e+00
           40.000000e+00
           50.000000e+00
           60.000000e+00
           70.000000e+00
           80.000000e+00
           90.000000e+00
          100.000000e+00
          110.000000e+00
          120.000000e+00
          130.000000e+00
          140.000000e+00
          150.000000e+00
          160.000000e+00
          170.000000e+00
          180.000000e+00
          190.000000e+00
          200.000000e+00
           10.000000e+00
           20.000000e+00
           30.000000e+00
           40.000000e+00
           50.000000e+00
           60.000000e+00
           70.000000e+00
           80.000000e+00
           90.000000e+00
          100.000000e+00
          110.000000e+00
          120.000000e+00
          130.000000e+00
          140.000000e+00
          150.000000e+00
          160.000000e+00
          170.000000e+00
          180.000000e+00
          190.000000e+00
          200.000000e+00
           10.000000e+00
           20.000000e+00
           30.000000e+00
           40.000000e+00
           50.000000e+00
           60.000000e+00
           70.000000e+00
           80.000000e+00
           90.000000e+00
          100.000000e+00
          110.000000e+00
          120.000000e+00
          130.000000e+00
          140.000000e+00
          150.000000e+00
          160.000000e+00
          170.000000e+00
          180.000000e+00
          190.000000e+00
          200.000000e+00
           10.000000e+00
           20.000000e+00
           30.000000e+00
           40.000000e+00
           50.000000e+00
           60.000000e+00
           70.000000e+00
           80.000000e+00
           90.000000e+00
          100.000000e+00
          110.000000e+00
          120.000000e+00
          130.000000e+00
          140.000000e+00
          150.000000e+00
          160.000000e+00
          170.000000e+00
          180.000000e+00
          190.000000e+00
          200.000000e+00
           10.000000e+00
           20.000000e+00
           30.000000e+00
           40.000000e+00
           50.000000e+00
           60.000000e+00
           70.000000e+00
           80.000000e+00
           90.000000e+00
          100.000000e+00
          110.000000e+00
          120.000000e+00
          130.000000e+00
          140.000000e+00
          150.000000e+00
          160.000000e+00
          170.000000e+00
          180.000000e+00
          190.000000e+00
          200.000000e+00
           10.000000e+00
           20.000000e+00
           30.000000e+00
           40.000000e+00
           50.000000e+00
           60.000000e+00
           70.000000e+00
           80.000000e+00
           90.000000e+00
          100.000000e+00
          110.000000e+00
          120.000000e+00
          130.000000e+00
          140.000000e+00
          150.000000e+00
          160.000000e+00
          170.000000e+00
          180.000000e+00
          190.000000e+00
          200.000000e+00
           10.000000e+00
           20.000000e+00
           30.000000e+00
           40.000000e+00
           50.000000e+00
           60.000000e+00
           70.000000e+00
           80.000000e+00
           90.000000e+00
          100.000000e+00
          110.000000e+00
          120.000000e+00
          130.000000e+00
          140.000000e+00
          150.000000e+00
          160.000000e+00
          170.000000e+00
          180.000000e+00
          190.000000e+00
          200.000000e+00
           10.000000e+00
           20.000000e+00
           30.000000e+00
           40.000000e+00
           50.000000e+00
           60.000000e+00
           70.000000e+00
           80.000000e+00
           90.000000e+00
          100.000000e+00
          110.000000e+00
          120.000000e+00
          130.000000e+00
          140.000000e+00
          150.000000e+00
          160.000000e+00
          170.000000e+00
          180.000000e+00
          190.000000e+00
          200.000000e+00
           10.000000e+00
           20.000000e+00
           30.000000e+00
           40.000000e+00
           50.000000e+00
           60.000000e+00
           70.000000e+00
           80.000000e+00
           90.000000e+00
          100.000000e+00
          110.000000e+00
          120.000000e+00
          130.000000e+00
          140.000000e+00
          150.000000e+00
          160.000000e+00
          170.000000e+00
          180.000000e+00
          190.000000e+00
          200.000000e+00
           10.000000e+00
           20.000000e+00
           30.000000e+00
           40.000000e+00
           50.000000e+00
           60.000000e+00
           70.000000e+00
           80.000000e+00
           90.000000e+00
          100.000000e+00
          110.000000e+00
          120.000000e+00
          130.000000e+00
          140.000000e+00
          150.000000e+00
          160.000000e+00
          170.000000e+00
          180.000000e+00
          190.000000e+00
          200.000000e+00
           10.000000e+00
           20.000000e+00
           30.000000e+00
           40.000000e+00
           50.000000e+00
           60.000000e+00
           70.000000e+00
           80.000000e+00
           90.000000e+00
          100.000000e+00
          110.000000e+00
          120.000000e+00
          130.000000e+00
          140.000000e+00
          150.000000e+00
          160.000000e+00
          170.000000e+00
          180.000000e+00
          190.000000e+00
          200.000000e+00
