#     BLOCK:   ACTUAL_X:     X_AVE:       ERROR:
           1      8.651184e-01      8.651184e-01      0.000000e+00
           2      8.899152e-01      8.775168e-01      8.766993e-03
           3      9.049712e-01      8.866683e-01      9.486462e-03
           4      8.630128e-01      8.807544e-01      8.766493e-03
           5      8.910592e-01      8.828154e-01      7.251410e-03
           6      8.794560e-01      8.822555e-01      6.064418e-03
           7      9.059488e-01      8.856402e-01      6.069589e-03
           8      8.868608e-01      8.857928e-01      5.312808e-03
           9      8.681760e-01      8.838354e-01      5.070281e-03
          10      8.985520e-01      8.853070e-01      4.772053e-03
          11      9.197408e-01      8.884374e-01      5.265781e-03
          12      8.937056e-01      8.888764e-01      4.845233e-03
          13      8.819568e-01      8.883441e-01      4.501664e-03
          14      8.678464e-01      8.868800e-01      4.411793e-03
          15      9.010928e-01      8.878275e-01      4.218196e-03
          16      9.050448e-01      8.889036e-01      4.089512e-03
          17      8.890512e-01      8.889123e-01      3.848962e-03
          18      8.833360e-01      8.886025e-01      3.647576e-03
          19      8.854736e-01      8.884378e-01      3.459314e-03
          20      8.920800e-01      8.886199e-01      3.291138e-03
           1      1.003466e+00      1.003466e+00      0.000000e+00
           2      1.040530e+00      1.021998e+00      1.310423e-02
           3      1.022791e+00      1.022263e+00      8.738816e-03
           4      1.042776e+00      1.027391e+00      7.917113e-03
           5      1.024463e+00      1.026805e+00      6.355315e-03
           6      1.064659e+00      1.033114e+00      7.824196e-03
           7      1.031963e+00      1.032950e+00      6.708181e-03
           8      1.036805e+00      1.033432e+00      5.886944e-03
           9      1.034904e+00      1.033595e+00      5.235112e-03
          10      1.077357e+00      1.037971e+00      6.279692e-03
          11      1.024144e+00      1.036714e+00      5.833263e-03
          12      1.045271e+00      1.037428e+00      5.390565e-03
          13      1.024334e+00      1.036420e+00      5.069129e-03
          14      1.041670e+00      1.036795e+00      4.720894e-03
          15      1.039212e+00      1.036956e+00      4.408917e-03
          16      1.046913e+00      1.037579e+00      4.177045e-03
          17      1.070294e+00      1.039503e+00      4.352122e-03
          18      9.965061e-01      1.037114e+00      4.720580e-03
          19      1.063555e+00      1.038506e+00      4.672746e-03
          20      1.058009e+00      1.039481e+00      4.539717e-03
           1      1.242179e+00      1.242179e+00      0.000000e+00
           2      1.229074e+00      1.235627e+00      4.633233e-03
           3      1.243981e+00      1.238411e+00      3.835460e-03
           4      1.231606e+00      1.236710e+00      3.232018e-03
           5      1.281086e+00      1.245585e+00      8.348649e-03
           6      1.253552e+00      1.246913e+00      7.062018e-03
           7      1.266370e+00      1.249693e+00      6.577438e-03
           8      1.213850e+00      1.245212e+00      7.119518e-03
           9      1.254790e+00      1.246276e+00      6.407512e-03
          10      1.244470e+00      1.246096e+00      5.769305e-03
          11      1.237516e+00      1.245316e+00      5.297283e-03
          12      1.236316e+00      1.244566e+00      4.908645e-03
          13      1.270307e+00      1.246546e+00      4.914217e-03
          14      1.243408e+00      1.246322e+00      4.568311e-03
          15      1.231503e+00      1.245334e+00      4.369275e-03
          16      1.247187e+00      1.245450e+00      4.097729e-03
          17      1.246669e+00      1.245521e+00      3.857314e-03
          18      1.206950e+00      1.243379e+00      4.196212e-03
          19      1.194874e+00      1.240826e+00      4.688020e-03
          20      1.236478e+00      1.240608e+00      4.458656e-03
           1      1.536478e+00      1.536478e+00      0.000000e+00
           2      1.504642e+00      1.520560e+00      1.125565e-02
           3      1.537322e+00      1.526147e+00      8.781742e-03
           4      1.610267e+00      1.547177e+00      1.936686e-02
           5      1.513179e+00      1.540378e+00      1.664442e-02
           6      1.530678e+00      1.538761e+00      1.394864e-02
           7      1.491886e+00      1.532065e+00      1.346778e-02
           8      1.505867e+00      1.528790e+00      1.217591e-02
           9      1.519912e+00      1.527804e+00      1.086292e-02
          10      1.503632e+00      1.525386e+00      1.004196e-02
          11      1.558863e+00      1.528430e+00      9.579127e-03
          12      1.512200e+00      1.527077e+00      8.875830e-03
          13      1.485406e+00      1.523872e+00      8.752771e-03
          14      1.509882e+00      1.522872e+00      8.184415e-03
          15      1.463931e+00      1.518943e+00      8.530086e-03
          16      1.516806e+00      1.518809e+00      7.998001e-03
          17      1.525575e+00      1.519207e+00      7.537425e-03
          18      1.536985e+00      1.520195e+00      7.183096e-03
          19      1.550143e+00      1.521771e+00      6.975832e-03
          20      1.486406e+00      1.520003e+00      6.847484e-03
           1      1.974849e+00      1.974849e+00      0.000000e+00
           2      1.955889e+00      1.965369e+00      6.703372e-03
           3      1.910800e+00      1.947180e+00      1.550969e-02
           4      1.927727e+00      1.942316e+00      1.237123e-02
           5      1.866640e+00      1.927181e+00      1.676937e-02
           6      1.887186e+00      1.920515e+00      1.524186e-02
           7      1.853002e+00      1.910871e+00      1.582440e-02
           8      1.896026e+00      1.909015e+00      1.395472e-02
           9      1.913327e+00      1.909494e+00      1.241242e-02
          10      1.862452e+00      1.904790e+00      1.202963e-02
          11      1.804028e+00      1.895630e+00      1.399561e-02
          12      1.926581e+00      1.898209e+00      1.306482e-02
          13      1.856673e+00      1.895014e+00      1.244439e-02
          14      1.872082e+00      1.893376e+00      1.166280e-02
          15      1.920682e+00      1.895196e+00      1.102644e-02
          16      1.879407e+00      1.894210e+00      1.038135e-02
          17      1.895621e+00      1.894293e+00      9.771018e-03
          18      1.872002e+00      1.893054e+00      9.306325e-03
          19      2.008052e+00      1.899107e+00      1.060357e-02
          20      1.888435e+00      1.898573e+00      1.008681e-02
           1      2.571040e+00      2.571040e+00      0.000000e+00
           2      2.442627e+00      2.506833e+00      4.540097e-02
           3      2.536240e+00      2.516636e+00      3.130760e-02
           4      2.590304e+00      2.535053e+00      2.838549e-02
           5      2.531917e+00      2.534426e+00      2.271531e-02
           6      2.518227e+00      2.531726e+00      1.908920e-02
           7      2.525299e+00      2.530808e+00      1.638424e-02
           8      2.491424e+00      2.525885e+00      1.505765e-02
           9      2.484837e+00      2.521324e+00      1.405833e-02
          10      2.597224e+00      2.528914e+00      1.455793e-02
          11      2.465773e+00      2.523174e+00      1.432146e-02
          12      2.510299e+00      2.522101e+00      1.316814e-02
          13      2.582579e+00      2.526753e+00      1.295093e-02
          14      2.585000e+00      2.530914e+00      1.267654e-02
          15      2.583016e+00      2.534387e+00      1.229812e-02
          16      2.672520e+00      2.543020e+00      1.424095e-02
          17      2.497835e+00      2.540362e+00      1.364905e-02
          18      2.565533e+00      2.541761e+00      1.296220e-02
          19      2.541064e+00      2.541724e+00      1.228003e-02
          20      2.442949e+00      2.536785e+00      1.262014e-02
           1      3.742729e+00      3.742729e+00      0.000000e+00
           2      3.477483e+00      3.610106e+00      9.377868e-02
           3      3.443015e+00      3.554409e+00      7.730937e-02
           4      3.678542e+00      3.585442e+00      6.390778e-02
           5      3.483803e+00      3.565114e+00      5.426295e-02
           6      3.556775e+00      3.563725e+00      4.523692e-02
           7      3.581357e+00      3.566244e+00      3.884457e-02
           8      3.676083e+00      3.579973e+00      3.633455e-02
           9      3.593926e+00      3.581524e+00      3.233043e-02
          10      3.460135e+00      3.569385e+00      3.129336e-02
          11      3.457828e+00      3.559243e+00      3.004694e-02
          12      3.672612e+00      3.568691e+00      2.899025e-02
          13      3.565194e+00      3.568422e+00      2.676148e-02
          14      3.718923e+00      3.579172e+00      2.692266e-02
          15      3.541049e+00      3.576630e+00      2.524749e-02
          16      3.659255e+00      3.581794e+00      2.419188e-02
          17      3.697255e+00      3.588586e+00      2.370306e-02
          18      3.562994e+00      3.587164e+00      2.242882e-02
          19      3.454951e+00      3.580206e+00      2.230172e-02
          20      3.650271e+00      3.583709e+00      2.146002e-02
           1      5.554702e+00      5.554702e+00      0.000000e+00
           2      5.611015e+00      5.582858e+00      1.990956e-02
           3      5.645040e+00      5.603585e+00      2.150783e-02
           4      5.535229e+00      5.586496e+00      2.189139e-02
           5      5.517004e+00      5.572598e+00      2.147661e-02
           6      5.888920e+00      5.625318e+00      5.134692e-02
           7      6.028000e+00      5.682844e+00      6.909062e-02
           8      5.415349e+00      5.649407e+00      6.806610e-02
           9      5.970535e+00      5.685088e+00      6.922644e-02
          10      5.597251e+00      5.676304e+00      6.285858e-02
          11      6.078196e+00      5.712840e+00      6.692502e-02
          12      5.584956e+00      5.702183e+00      6.219064e-02
          13      5.525847e+00      5.688619e+00      5.886740e-02
          14      5.380451e+00      5.666607e+00      5.863375e-02
          15      5.757360e+00      5.672657e+00      5.503610e-02
          16      5.641796e+00      5.670728e+00      5.163013e-02
          17      5.429335e+00      5.656529e+00      5.050797e-02
          18      5.644240e+00      5.655846e+00      4.770658e-02
          19      5.756436e+00      5.661140e+00      4.548853e-02
          20      5.865135e+00      5.671340e+00      4.434288e-02
           1      1.056160e+01      1.056160e+01      0.000000e+00
           2      1.027546e+01      1.041853e+01      1.011666e-01
           3      1.054710e+01      1.046139e+01      7.598203e-02
           4      1.006477e+01      1.036223e+01      1.030590e-01
           5      9.933467e+00      1.027648e+01      1.126074e-01
           6      9.881222e+00      1.021060e+01      1.114551e-01
           7      1.017144e+01      1.020501e+01      9.567326e-02
           8      1.030276e+01      1.021723e+01      8.449070e-02
           9      9.692631e+00      1.015894e+01      9.306165e-02
          10      1.088124e+01      1.023117e+01      1.082146e-01
          11      9.066822e+00      1.012532e+01      1.409383e-01
          12      9.669049e+00      1.008730e+01      1.342243e-01
          13      1.067496e+01      1.013250e+01      1.312912e-01
          14      1.100260e+01      1.019465e+01      1.358290e-01
          15      9.911102e+00      1.017575e+01      1.280824e-01
          16      1.037942e+01      1.018848e+01      1.207081e-01
          17      9.324209e+00      1.013764e+01      1.238519e-01
          18      1.018063e+01      1.014003e+01      1.169943e-01
          19      1.027763e+01      1.014727e+01      1.110606e-01
          20      9.451916e+00      1.011250e+01      1.108160e-01
           1      2.363779e+01      2.363779e+01      0.000000e+00
           2      2.498536e+01      2.431157e+01      4.764384e-01
           3      2.589959e+01      2.484091e+01      5.363642e-01
           4      2.650345e+01      2.525655e+01      5.398025e-01
           5      2.758197e+01      2.572163e+01      5.996087e-01
           6      2.346475e+01      2.534549e+01      6.062830e-01
           7      2.566018e+01      2.539044e+01      5.213353e-01
           8      2.311973e+01      2.510660e+01      5.278105e-01
           9      2.473224e+01      2.506501e+01      4.708011e-01
          10      2.250378e+01      2.480888e+01      4.884450e-01
          11      2.549137e+01      2.487093e+01      4.479641e-01
          12      3.054914e+01      2.534411e+01      6.114451e-01
          13      2.215044e+01      2.509845e+01      6.117757e-01
          14      2.434238e+01      2.504444e+01      5.704561e-01
          15      2.308440e+01      2.491377e+01      5.471867e-01
          16      2.483646e+01      2.490894e+01      5.130089e-01
          17      2.517983e+01      2.492487e+01      4.830793e-01
          18      2.241165e+01      2.478525e+01      4.759917e-01
          19      2.340757e+01      2.471274e+01      4.564289e-01
          20      1.945480e+01      2.444984e+01      5.036611e-01
           1      7.921153e+01      7.921153e+01      0.000000e+00
           2      7.847350e+01      7.884251e+01      2.609337e-01
           3      7.833274e+01      7.867259e+01      2.225079e-01
           4      7.284490e+01      7.721567e+01      1.272719e+00
           5      8.351022e+01      7.847458e+01      1.518080e+00
           6      7.650806e+01      7.814683e+01      1.299966e+00
           7      7.406438e+01      7.756362e+01      1.238188e+00
           8      7.623169e+01      7.739713e+01      1.094551e+00
           9      7.471046e+01      7.709861e+01      1.012824e+00
          10      7.623697e+01      7.701244e+01      9.151991e-01
          11      8.051678e+01      7.733102e+01      8.857125e-01
          12      7.924840e+01      7.749080e+01      8.261896e-01
          13      8.017650e+01      7.769739e+01      7.880429e-01
          14      8.513501e+01      7.822865e+01      8.930508e-01
          15      8.070237e+01      7.839357e+01      8.486044e-01
          16      8.378388e+01      7.873046e+01      8.598433e-01
          17      8.237706e+01      7.894497e+01      8.355926e-01
          18      7.922960e+01      7.896078e+01      7.893204e-01
          19      8.430814e+01      7.924222e+01      7.963733e-01
          20      8.687418e+01      7.962382e+01      8.430369e-01
