#     BLOCK:   ACTUAL_TE:    TE_AVE:      ERROR:
           1     -3.811280e-01     -3.811280e-01      0.000000e+00
           2     -3.768120e-01     -3.789700e-01      1.525936e-03
           3     -3.811680e-01     -3.797027e-01      1.180147e-03
           4     -3.802960e-01     -3.798510e-01      8.943840e-04
           5     -3.795320e-01     -3.797872e-01      7.177792e-04
           6     -3.808240e-01     -3.799600e-01      6.185999e-04
           7     -3.809800e-01     -3.801057e-01      5.471212e-04
           8     -3.808800e-01     -3.802025e-01      4.872166e-04
           9     -3.804240e-01     -3.802271e-01      4.337025e-04
          10     -3.787120e-01     -3.800756e-01      4.159559e-04
          11     -3.801440e-01     -3.800818e-01      3.781882e-04
          12     -3.824080e-01     -3.802757e-01      3.932272e-04
          13     -3.812520e-01     -3.803508e-01      3.700814e-04
          14     -3.783760e-01     -3.802097e-01      3.695519e-04
          15     -3.793440e-01     -3.801520e-01      3.493928e-04
          16     -3.787360e-01     -3.800635e-01      3.385786e-04
          17     -3.797360e-01     -3.800442e-01      3.192098e-04
          18     -3.787840e-01     -3.799742e-01      3.090587e-04
          19     -3.802440e-01     -3.799884e-01      2.931184e-04
          20     -3.787600e-01     -3.799270e-01      2.848250e-04
           1     -4.121640e-01     -4.121640e-01      0.000000e+00
           2     -4.077920e-01     -4.099780e-01      1.545735e-03
           3     -4.091200e-01     -4.096920e-01      1.056618e-03
           4     -4.084560e-01     -4.093830e-01      8.364262e-04
           5     -4.116880e-01     -4.098440e-01      7.859812e-04
           6     -4.092840e-01     -4.097507e-01      6.605026e-04
           7     -4.072200e-01     -4.093891e-01      6.576841e-04
           8     -4.109920e-01     -4.095895e-01      6.052231e-04
           9     -4.070680e-01     -4.093093e-01      5.993247e-04
          10     -4.100120e-01     -4.093796e-01      5.434958e-04
          11     -4.093800e-01     -4.093796e-01      4.940871e-04
          12     -4.098160e-01     -4.094160e-01      4.542493e-04
          13     -4.092160e-01     -4.094006e-01      4.195675e-04
          14     -4.095640e-01     -4.094123e-01      3.897607e-04
          15     -4.069040e-01     -4.092451e-01      3.980345e-04
          16     -4.095680e-01     -4.092652e-01      3.736688e-04
          17     -4.111800e-01     -4.093779e-01      3.682722e-04
          18     -4.079400e-01     -4.092980e-01      3.563710e-04
          19     -4.091680e-01     -4.092912e-01      3.376803e-04
          20     -4.092320e-01     -4.092882e-01      3.208093e-04
           1     -4.425840e-01     -4.425840e-01      0.000000e+00
           2     -4.426160e-01     -4.426000e-01      1.131371e-05
           3     -4.432960e-01     -4.428320e-01      1.895773e-04
           4     -4.430040e-01     -4.428750e-01      1.469787e-04
           5     -4.445520e-01     -4.432104e-01      3.222116e-04
           6     -4.427280e-01     -4.431300e-01      2.783599e-04
           7     -4.457000e-01     -4.434971e-01      4.152888e-04
           8     -4.423920e-01     -4.433590e-01      3.856700e-04
           9     -4.426800e-01     -4.432836e-01      3.501192e-04
          10     -4.437520e-01     -4.433304e-01      3.182257e-04
          11     -4.441800e-01     -4.434076e-01      2.985220e-04
          12     -4.424320e-01     -4.433263e-01      2.845013e-04
          13     -4.435040e-01     -4.433400e-01      2.629446e-04
          14     -4.418600e-01     -4.432343e-01      2.645615e-04
          15     -4.417800e-01     -4.431373e-01      2.640920e-04
          16     -4.428440e-01     -4.431190e-01      2.482218e-04
          17     -4.438080e-01     -4.431595e-01      2.369062e-04
          18     -4.447080e-01     -4.432456e-01      2.388537e-04
          19     -4.416160e-01     -4.431598e-01      2.411896e-04
          20     -4.433440e-01     -4.431690e-01      2.293059e-04
           1     -4.819840e-01     -4.819840e-01      0.000000e+00
           2     -4.823440e-01     -4.821640e-01      1.272792e-04
           3     -4.836840e-01     -4.826707e-01      4.223041e-04
           4     -4.869640e-01     -4.837440e-01      9.820132e-04
           5     -4.826320e-01     -4.835216e-01      8.104032e-04
           6     -4.836280e-01     -4.835393e-01      6.755300e-04
           7     -4.823440e-01     -4.833686e-01      6.002206e-04
           8     -4.814320e-01     -4.831265e-01      5.719279e-04
           9     -4.827000e-01     -4.830791e-01      5.103398e-04
          10     -4.833680e-01     -4.831080e-01      4.601228e-04
          11     -4.825720e-01     -4.830593e-01      4.208656e-04
          12     -4.811320e-01     -4.828987e-01      4.153088e-04
          13     -4.811960e-01     -4.827677e-01      4.034862e-04
          14     -4.814560e-01     -4.826740e-01      3.853903e-04
          15     -4.834720e-01     -4.827272e-01      3.633510e-04
          16     -4.830680e-01     -4.827485e-01      3.412653e-04
          17     -4.838040e-01     -4.828106e-01      3.267901e-04
          18     -4.795560e-01     -4.826298e-01      3.551504e-04
          19     -4.849680e-01     -4.827528e-01      3.571441e-04
          20     -4.818960e-01     -4.827100e-01      3.418468e-04
           1     -5.305040e-01     -5.305040e-01      0.000000e+00
           2     -5.284680e-01     -5.294860e-01      7.198347e-04
           3     -5.296520e-01     -5.295413e-01      4.820118e-04
           4     -5.283920e-01     -5.292540e-01      4.388724e-04
           5     -5.283520e-01     -5.290736e-01      3.864002e-04
           6     -5.306920e-01     -5.293433e-01      4.053568e-04
           7     -5.296000e-01     -5.293800e-01      3.491031e-04
           8     -5.280960e-01     -5.292195e-01      3.403663e-04
           9     -5.291760e-01     -5.292147e-01      3.025821e-04
          10     -5.273960e-01     -5.290328e-01      3.223791e-04
          11     -5.282000e-01     -5.289571e-01      3.018309e-04
          12     -5.289440e-01     -5.289560e-01      2.766803e-04
          13     -5.262880e-01     -5.287508e-01      3.226568e-04
          14     -5.319200e-01     -5.289771e-01      3.706086e-04
          15     -5.303200e-01     -5.290667e-01      3.565501e-04
          16     -5.299840e-01     -5.291240e-01      3.388440e-04
          17     -5.303920e-01     -5.291986e-01      3.270184e-04
          18     -5.284520e-01     -5.291571e-01      3.114699e-04
          19     -5.324640e-01     -5.293312e-01      3.402473e-04
          20     -5.277120e-01     -5.292502e-01      3.327271e-04
           1     -5.845240e-01     -5.845240e-01      0.000000e+00
           2     -5.840520e-01     -5.842880e-01      1.668772e-04
           3     -5.812000e-01     -5.832587e-01      8.477784e-04
           4     -5.806520e-01     -5.826070e-01      8.501687e-04
           5     -5.834040e-01     -5.827664e-01      6.949174e-04
           6     -5.834280e-01     -5.828767e-01      5.877811e-04
           7     -5.809120e-01     -5.825960e-01      5.668750e-04
           8     -5.841240e-01     -5.827870e-01      5.272119e-04
           9     -5.824680e-01     -5.827516e-01      4.698227e-04
          10     -5.822800e-01     -5.827044e-01      4.252004e-04
          11     -5.824680e-01     -5.826829e-01      3.870885e-04
          12     -5.845080e-01     -5.828350e-01      3.835481e-04
          13     -5.836240e-01     -5.828957e-01      3.588142e-04
          14     -5.833000e-01     -5.829246e-01      3.343448e-04
          15     -5.802360e-01     -5.827453e-01      3.568794e-04
          16     -5.836480e-01     -5.828018e-01      3.390044e-04
          17     -5.820880e-01     -5.827598e-01      3.216524e-04
          18     -5.843400e-01     -5.828476e-01      3.155361e-04
          19     -5.829720e-01     -5.828541e-01      2.989969e-04
          20     -5.827280e-01     -5.828478e-01      2.841136e-04
           1     -6.469040e-01     -6.469040e-01      0.000000e+00
           2     -6.474400e-01     -6.471720e-01      1.895046e-04
           3     -6.437880e-01     -6.460440e-01      9.296327e-04
           4     -6.472240e-01     -6.463390e-01      7.425569e-04
           5     -6.473920e-01     -6.465496e-01      6.231950e-04
           6     -6.451520e-01     -6.463167e-01      5.611753e-04
           7     -6.457840e-01     -6.462406e-01      4.861393e-04
           8     -6.459640e-01     -6.462060e-01      4.265993e-04
           9     -6.457600e-01     -6.461564e-01      3.820669e-04
          10     -6.470600e-01     -6.462468e-01      3.543833e-04
          11     -6.464400e-01     -6.462644e-01      3.226016e-04
          12     -6.465560e-01     -6.462887e-01      2.966321e-04
          13     -6.470520e-01     -6.463474e-01      2.795655e-04
          14     -6.486920e-01     -6.465149e-01      3.056698e-04
          15     -6.467560e-01     -6.465309e-01      2.857143e-04
          16     -6.486840e-01     -6.466655e-01      2.978655e-04
          17     -6.460680e-01     -6.466304e-01      2.824100e-04
          18     -6.457080e-01     -6.465791e-01      2.713295e-04
          19     -6.451400e-01     -6.465034e-01      2.674121e-04
          20     -6.460360e-01     -6.464800e-01      2.550605e-04
           1     -7.230120e-01     -7.230120e-01      0.000000e+00
           2     -7.201360e-01     -7.215740e-01      1.016820e-03
           3     -7.210560e-01     -7.214013e-01      6.923848e-04
           4     -7.217760e-01     -7.214950e-01      5.255861e-04
           5     -7.177240e-01     -7.207408e-01      7.948888e-04
           6     -7.229320e-01     -7.211060e-01      7.415700e-04
           7     -7.227240e-01     -7.213371e-01      6.706876e-04
           8     -7.193600e-01     -7.210900e-01      6.307452e-04
           9     -7.224040e-01     -7.212360e-01      5.773126e-04
          10     -7.191560e-01     -7.210280e-01      5.557899e-04
          11     -7.229720e-01     -7.212047e-01      5.326204e-04
          12     -7.206880e-01     -7.211617e-01      4.899729e-04
          13     -7.201800e-01     -7.210862e-01      4.580646e-04
          14     -7.186120e-01     -7.209094e-01      4.581702e-04
          15     -7.208280e-01     -7.209040e-01      4.276577e-04
          16     -7.222040e-01     -7.209853e-01      4.085745e-04
          17     -7.216040e-01     -7.210216e-01      3.861584e-04
          18     -7.219520e-01     -7.210733e-01      3.681480e-04
          19     -7.218280e-01     -7.211131e-01      3.509079e-04
          20     -7.232160e-01     -7.212182e-01      3.487603e-04
           1     -8.061400e-01     -8.061400e-01      0.000000e+00
           2     -8.030600e-01     -8.046000e-01      1.088944e-03
           3     -8.077200e-01     -8.056400e-01      1.117179e-03
           4     -8.073240e-01     -8.060610e-01      9.137728e-04
           5     -8.031320e-01     -8.054752e-01      8.993981e-04
           6     -8.037280e-01     -8.051840e-01      7.952436e-04
           7     -8.027800e-01     -8.048406e-01      7.521461e-04
           8     -8.032640e-01     -8.046435e-01      6.834579e-04
           9     -8.052240e-01     -8.047080e-01      6.105541e-04
          10     -8.088080e-01     -8.051180e-01      6.732301e-04
          11     -8.027120e-01     -8.048993e-01      6.465833e-04
          12     -7.998160e-01     -8.044757e-01      7.181806e-04
          13     -8.066120e-01     -8.046400e-01      6.814780e-04
          14     -8.109200e-01     -8.050886e-01      7.663425e-04
          15     -8.036360e-01     -8.049917e-01      7.213455e-04
          16     -8.030160e-01     -8.048683e-01      6.867493e-04
          17     -8.049360e-01     -8.048722e-01      6.463638e-04
          18     -8.021920e-01     -8.047233e-01      6.273715e-04
          19     -8.035520e-01     -8.046617e-01      5.973733e-04
          20     -7.990400e-01     -8.043806e-01      6.301741e-04
           1     -8.885240e-01     -8.885240e-01      0.000000e+00
           2     -8.907560e-01     -8.896400e-01      7.891312e-04
           3     -8.903920e-01     -8.898907e-01      5.644973e-04
           4     -8.927440e-01     -8.906040e-01      7.489179e-04
           5     -8.949480e-01     -8.914728e-01      9.812302e-04
           6     -8.904960e-01     -8.913100e-01      8.310875e-04
           7     -8.927800e-01     -8.915200e-01      7.384157e-04
           8     -8.903520e-01     -8.913740e-01      6.603897e-04
           9     -8.907360e-01     -8.913031e-01      5.908055e-04
          10     -8.903760e-01     -8.912104e-01      5.389501e-04
          11     -8.921320e-01     -8.912942e-01      4.964241e-04
          12     -9.010200e-01     -8.921047e-01      8.995669e-04
          13     -8.859120e-01     -8.916283e-01      9.481435e-04
          14     -8.911360e-01     -8.915931e-01      8.810708e-04
          15     -8.917840e-01     -8.916059e-01      8.224246e-04
          16     -8.944960e-01     -8.917865e-01      7.906110e-04
          17     -8.929640e-01     -8.918558e-01      7.471324e-04
          18     -8.886880e-01     -8.916798e-01      7.260561e-04
          19     -8.922440e-01     -8.917095e-01      6.884497e-04
          20     -8.852720e-01     -8.913876e-01      7.253786e-04
           1     -9.744360e-01     -9.744360e-01      0.000000e+00
           2     -9.745960e-01     -9.745160e-01      5.656854e-05
           3     -9.729960e-01     -9.740093e-01      4.154070e-04
           4     -9.693160e-01     -9.728360e-01      1.062826e-03
           5     -9.786840e-01     -9.740056e-01      1.348078e-03
           6     -9.712360e-01     -9.735440e-01      1.199828e-03
           7     -9.700960e-01     -9.730514e-01      1.124998e-03
           8     -9.705240e-01     -9.727355e-01      1.027777e-03
           9     -9.683200e-01     -9.722449e-01      1.024003e-03
          10     -9.707600e-01     -9.720964e-01      9.323068e-04
          11     -9.748240e-01     -9.723444e-01      8.799092e-04
          12     -9.755160e-01     -9.726087e-01      8.453470e-04
          13     -9.755000e-01     -9.728311e-01      8.090494e-04
          14     -9.799880e-01     -9.733423e-01      8.983649e-04
          15     -9.775800e-01     -9.736248e-01      8.817777e-04
          16     -9.803640e-01     -9.740460e-01      9.217912e-04
          17     -9.765360e-01     -9.741925e-01      8.791281e-04
          18     -9.746520e-01     -9.742180e-01      8.306582e-04
          19     -9.794400e-01     -9.744928e-01      8.311655e-04
          20     -9.826640e-01     -9.749014e-01      8.843377e-04
