0                  392.098           442.639
1                  363.439           409.047
2                  342.707            385.39
3                  321.727           356.369
4                  314.396           335.907
5                  293.052           320.708
6                  282.904           305.939
7                  270.957           290.735
8                  262.141           279.223
9                  249.823            270.55
10                    241.5            262.04
11                  234.664           251.968
12                  228.538           243.806
13                  222.183           236.998
14                  213.428           230.033
15                  207.769           222.231
16                  202.825           214.876
17                  196.688           208.844
18                  191.355           203.724
19                   186.44           201.252
20                  182.813           195.108
21                  175.522           191.508
22                  172.651           185.348
23                  169.439           179.613
24                  165.371           177.304
25                  161.377            174.59
26                  157.046           169.288
27                   151.85           163.061
28                  147.585           158.925
29                  144.776           154.773
30                  129.529           150.459
31                  128.157           150.429
32                  126.158           138.352
33                  124.809           130.968
34                  122.572           128.749
35                  119.525           131.012
36                  118.552           131.348
37                  115.182           125.854
38                   113.06           120.915
39                  111.296           117.544
40                  108.465           116.256
41                  107.324           113.553
42                  105.174           110.955
43                  103.269           108.701
44                   102.05           106.623
45                   100.94           104.858
46                  100.018           103.565
47                  98.6647           102.551
48                  97.5152           101.358
49                  96.0184           100.238
50                  95.4771           103.877
51                  93.6662           102.134
52                  92.6525           98.1288
53                  91.2836            95.443
54                  90.6272            93.894
55                   89.796           92.8478
56                  88.7161           93.7208
57                  87.8533           93.2329
58                  87.1356           92.3205
59                  86.5606           90.7957
60                  85.9968           89.7076
61                  85.3275           89.8127
62                  84.3973           88.5776
63                  83.0008           89.4626
64                  82.3791           88.1658
65                  82.1354           85.6558
66                  81.2953           84.3637
67                   79.908           83.6887
68                  79.0984           82.5021
69                  78.5582           81.5972
70                  77.3982           80.7898
71                  77.0639           79.7825
72                  76.2404           79.1289
73                  75.9363            78.654
74                  75.2758            78.037
75                  74.6064           77.8236
76                  74.5882           76.9802
77                  74.2393           76.5842
78                  74.0133           76.3916
79                  73.5058            76.254
80                  73.3699           75.9975
81                   72.978           75.7763
82                  72.6571           75.4404
83                  72.6132           74.8525
84                  72.2445           74.5428
85                  71.9297           74.3886
86                   71.767           74.0626
87                  71.4199           73.6957
88                  71.3051           74.6481
89                  70.9843             74.21
90                  70.9843           73.6668
91                  70.9801            73.136
92                  70.6651           74.0543
93                  70.6609           74.3653
94                  70.6609           73.8367
95                  70.3342           73.1163
96                  70.3342           72.7968
97                  70.3342           72.4832
98                  70.0152           72.1569
99                  69.7539           72.0685
100                  69.7539           71.7502
101                   69.712           71.5361
102                   69.712           71.4708
103                   69.712           71.4649
104                   69.712           71.4195
105                   69.712           71.4778
106                   69.712           71.4537
107                  69.5131           71.4192
108                  69.5131           71.4518
109                  69.4379           71.3307
110                  69.2858           71.1614
111                  69.2858           70.9119
112                  69.2858           70.9887
113                  69.2858           71.0686
114                  69.2858           71.2561
115                  69.2858           71.1206
116                  69.2858           71.1246
117                  69.2858           71.1553
118                  69.2858            71.112
119                  69.2858           70.9784
120                  68.7795           71.0112
121                  68.7795           71.7426
122                  68.7795           71.3893
123                  68.7795           70.9534
124                  68.7795           70.6323
125                  68.6984           70.4986
126                  68.6984           71.1687
127                  68.6984           71.2236
128                  68.5578           70.8056
129                  68.5578           71.2231
130                  68.5578           71.0428
131                  68.5578           70.5107
132                  68.5578           70.3461
133                  68.5578           70.3248
134                  68.5578           70.2902
135                  67.4794           70.2956
136                  67.4794           70.9627
137                  67.4794           70.2491
138                  67.4794           69.4826
139                  67.4794           69.4381
140                  67.4794           69.1496
141                  67.4794           69.2414
142                  67.4794           69.2092
143                  67.4794           69.2807
144                  67.4794           69.2172
145                  67.4794           69.3461
146                  67.4794           68.9911
147                  67.4794           68.9734
148                  67.4794           69.1024
149                  67.4794            69.231
150                  66.0686           69.2024
151                  66.0686           73.6429
152                  66.0686           72.8107
153                  66.0686           69.5979
154                  66.0686           68.3496
155                  66.0686           67.9776
156                  66.0686           67.7692
157                  66.0686           67.9017
158                  66.0686           68.0008
159                  66.0686           67.8334
160                  66.0686           67.6726
161                  66.0686           67.7268
162                  66.0686           67.7491
163                  66.0686           67.6423
164                  66.0686           67.7085
165                  66.0402           67.7666
166                  66.0402           68.6742
167                  66.0402           68.3691
168                  66.0402           68.0728
169                  66.0402           68.0184
170                  66.0402           67.7842
171                  66.0402           67.7097
172                  66.0402           67.7198
173                  66.0402           67.7727
174                  66.0402           67.8048
175                  66.0402           67.7923
176                  66.0402           67.6842
177                  66.0402           67.7806
178                  66.0402            67.768
179                  66.0402           67.6618
180                  66.0402           67.7857
181                  66.0402           67.8086
182                  66.0402           67.8005
183                  66.0402           68.0145
184                  66.0402            67.872
185                  66.0402           67.8415
186                  66.0402           67.7931
187                  66.0402           67.8205
188                  66.0402           67.8012
189                  66.0402           67.8222
190                  66.0402           67.7205
191                  66.0402            67.961
192                  66.0402           67.8371
193                  66.0402           67.6746
194                  66.0402           67.7431
195                  66.0402           67.8686
196                  66.0402           67.7983
197                  66.0402           67.6972
198                  66.0402           67.7388
199                  66.0402           67.8827
200                  66.0402           67.5854
201                  66.0402           67.6821
202                  66.0402           67.8309
203                  66.0402           67.8443
204                  66.0402           67.6326
205                  66.0402           67.7599
206                  66.0402           67.8899
207                  66.0402           67.6526
208                  66.0402           67.6594
209                  66.0402           67.7862
210                  65.8829            67.801
211                  65.6593           68.5201
212                  65.6593           68.2998
213                  65.6593           67.6368
214                  65.6593           67.4055
215                  65.6593           67.2062
216                  65.6593           67.2967
217                  65.6593           67.3998
218                  65.6593           67.4632
219                  65.6593           67.3596
220                  65.6593           67.2191
221                  65.6593           67.1974
222                  65.6593           67.2831
223                  65.6593           67.4092
224                  65.6593           67.4499
225                  65.6593           67.4631
226                  65.6593            67.336
227                  65.6593           67.3614
228                  65.6593             67.37
229                  65.6593            67.413
230                  65.6593           67.4176
231                  65.6593            67.278
232                  65.6593           67.2064
233                  65.6593           67.4198
234                  65.6593           67.4735
235                  65.6593           67.3263
236                  65.6593           67.3787
237                  65.6593            67.351
238                  65.6593           67.4888
239                  65.6593            67.403
240                  65.6593           67.4575
241                  65.6593           67.1825
242                  65.6593            67.264
243                  65.6593           67.2948
244                  65.6593           67.4493
245                  65.6593           67.2603
246                  65.6593           67.3289
247                  65.6593           67.2094
248                  65.6593           67.1892
249                  65.6593           67.2327
250                  65.6593           67.3108
251                  65.6593           67.1979
252                  65.6593           67.3771
253                  65.6593            67.321
254                  65.6593           67.2796
255                  65.6593           67.4942
256                  65.6593           67.4574
257                  65.6593           67.3802
258                  65.6593           67.5288
259                  65.6593           67.4936
260                  65.6593           67.3548
261                  65.6593           67.3545
262                  65.6593           67.4057
263                  65.6593           67.4987
264                  65.6593           67.2888
265                  65.6593           67.4786
266                  65.6593           67.3794
267                  65.6593           67.2361
268                  65.6593           67.3182
269                  65.6593           67.2574
270                  65.6488           67.3379
271                  65.6488           67.3809
272                  65.6488           67.4048
273                  65.6488           67.3035
274                  65.6488           67.3626
275                  65.6488           67.3358
276                  65.6488           67.3212
277                  65.6488           67.1768
278                  65.6488           67.2601
279                  65.6488            67.415
280                  65.6488            67.302
281                  65.6488           67.1801
282                  65.6488           67.1581
283                  65.6488           67.1596
284                  65.6488           67.4334
285                  65.6002           67.2052
286                  65.6002           67.3386
287                  65.6002           67.3913
288                  65.6002           67.2665
289                  65.6002            67.384
290                  65.6002           67.3577
291                  65.6002           67.3671
292                  65.6002            67.399
293                  65.6002           67.4017
294                  65.6002           67.6008
295                  65.6002           67.2512
296                  65.6002           67.0312
297                  65.6002           67.3532
298                  65.6002           67.4949
299                  65.6002             67.43
300                  65.6002           67.3061
301                  65.6002           67.3253
302                  65.6002           67.2965
303                  65.6002            67.328
304                  65.6002           67.2049
305                  65.6002           67.3912
306                  65.6002           67.3744
307                  65.6002           67.4688
308                  65.6002            67.249
309                  65.6002           67.5235
310                  65.6002           67.4374
311                  65.6002            67.126
312                  65.6002           67.3695
313                  65.6002           67.3125
314                  65.6002           67.3872
315                  65.6002           67.3773
316                  65.6002            67.352
317                  65.6002           67.4669
318                  65.6002           67.2126
319                  65.6002            67.239
320                  65.6002           67.2395
321                  65.6002           67.2611
322                  65.6002           67.2973
323                  65.6002           67.3848
324                  65.6002           67.4523
325                  65.6002            67.323
326                  65.6002           67.3711
327                  65.6002           67.3566
328                  65.6002           67.3161
329                  65.6002           67.2492
330                  65.6002           67.4055
331                  65.6002           67.2742
332                  65.6002            67.242
333                  65.6002            67.118
334                  65.6002           67.3649
335                  65.6002           67.2693
336                  65.6002           67.1716
337                  65.6002            67.319
338                  65.6002           67.3325
339                  65.6002           67.4493
340                  65.6002            67.162
341                  65.6002           67.3099
342                  65.6002           67.1255
343                  65.6002           67.0952
344                  65.6002           67.2902
345                  65.6002           67.3912
346                  65.6002           67.2737
347                  65.6002           67.1731
348                  65.6002           67.1202
349                  65.6002           67.1231
350                  65.6002           67.3248
351                  65.6002           67.2204
352                  65.6002           67.2925
353                  65.6002           67.2577
354                  65.6002           67.2474
355                  65.6002           67.2438
356                  65.6002           67.3883
357                  65.6002           67.2453
358                  65.6002           67.2042
359                  65.6002           67.1919
360                  65.6002           67.2002
361                  65.6002           67.1081
362                  65.6002           67.2026
363                  65.6002           67.2686
364                  65.6002           67.4004
365                  65.6002           67.3633
366                  65.6002           67.2701
367                  65.6002           67.3855
368                  65.6002           67.4766
369                  65.6002           67.4827
370                  65.6002           67.3069
371                  65.6002           67.2806
372                  65.6002           67.2397
373                  65.6002           67.3263
374                  65.6002           67.2096
375                  65.6002           67.5116
376                  65.6002           67.3643
377                  65.6002           67.1978
378                  65.6002           67.3353
379                  65.6002           67.3587
380                  65.6002           67.2938
381                  65.6002           67.3886
382                  65.6002           67.4181
383                  65.6002           67.2216
384                  65.6002           67.2429
385                  65.6002            67.193
386                  65.6002           67.2533
387                  65.6002           67.4043
388                  65.6002           67.4247
389                  65.6002           67.3766
390                  65.6002           67.2982
391                  65.6002           67.2914
392                  65.6002           67.3158
393                  65.6002           67.2682
394                  65.6002           67.3259
395                  65.6002           67.2727
396                  65.6002           67.1666
397                  65.6002           67.3037
398                  65.6002           67.4555
399                  65.6002           67.2187
400                  65.6002           67.4149
401                  65.6002           67.1549
402                  65.6002           67.2569
403                  65.6002           67.2835
404                  65.6002           67.1625
405                  65.6002            67.462
406                  65.6002           67.4267
407                  65.6002           67.3677
408                  65.6002            67.366
409                  65.6002            67.251
410                  65.6002           67.2587
411                  65.6002           67.1012
412                  65.6002           67.2592
413                  65.6002           67.3361
414                  65.6002           67.4178
415                  65.6002           67.1031
416                  65.6002           67.2732
417                  65.6002           67.2359
418                  65.6002           67.3793
419                  65.6002           67.3071
420                  65.6002           67.2158
421                  65.6002           67.4579
422                  65.6002           67.1573
423                  65.6002           67.3759
424                  65.6002            67.245
425                  65.6002           67.1749
426                  65.6002           67.2597
427                  65.6002           67.4409
428                  65.6002           67.2861
429                  65.6002           67.5063
430                  65.6002           67.3773
431                  65.6002           67.3276
432                  65.6002           67.3727
433                  65.6002           67.4205
434                  65.6002           67.2936
435                  65.6002           67.3255
436                  65.6002           67.3059
437                  65.6002           67.3961
438                  65.6002           67.4919
439                  65.6002           67.4744
440                  65.6002           67.4187
441                  65.6002           67.5109
442                  65.6002           67.4586
443                  65.6002            67.473
444                  65.6002           67.1949
445                  65.6002           67.1947
446                  65.6002           67.2112
447                  65.6002           67.2847
448                  65.6002           67.3312
449                  65.6002           67.1871
450                  65.6002           67.1562
451                  65.6002           67.3038
452                  65.6002           67.4525
453                  65.6002           67.5157
454                  65.6002           67.3139
455                  65.6002           67.4078
456                  65.6002           67.5027
457                  65.6002           67.5753
458                  65.6002           67.3104
459                  65.6002           67.2594
460                  65.6002           67.3448
461                  65.6002           67.2258
462                  65.6002           67.2441
463                  65.6002           67.2455
464                  65.6002            67.288
465                  65.6002            67.377
466                  65.6002           67.2519
467                  65.6002           67.5066
468                  65.6002            67.233
469                  65.6002           67.1067
470                  65.6002           67.2204
471                  65.6002           67.2768
472                  65.6002           67.1538
473                  65.6002           67.2985
474                  65.6002           67.2324
475                  65.6002           67.1591
476                  65.6002           67.2197
477                  65.6002           67.4695
478                  65.6002           67.4292
479                  65.6002           67.2619
480                  65.6002           67.1617
481                  65.6002           67.1603
482                  65.6002           67.1994
483                  65.6002           67.3434
484                  65.6002           67.2575
485                  65.6002            67.354
486                  65.6002           67.2968
487                  65.6002           67.3072
488                  65.6002           67.3673
489                  65.6002           67.3402
490                  65.6002           67.3531
491                  65.6002           67.3412
492                  65.6002           67.3141
493                  65.6002           67.3003
494                  65.6002           67.2108
495                  65.6002            67.266
496                  65.6002           67.2418
497                  65.6002           67.2495
498                  65.6002           67.3402
499                  65.6002           67.4176
500                  65.6002            67.281
501                  65.6002           67.1919
502                  65.6002           67.2025
503                  65.6002           67.3108
504                  65.6002           67.3818
505                  65.6002           67.2562
506                  65.6002           67.3533
507                  65.6002           67.2094
508                  65.6002           67.3366
509                  65.6002           67.3616
510                  65.6002           67.3927
511                  65.6002           67.2538
512                  65.6002           67.2661
513                  65.6002           67.1003
514                  65.6002           67.1846
515                  65.6002           67.2636
516                  65.6002           67.1789
517                  65.6002           67.3262
518                  65.6002            67.155
519                  65.6002           67.1531
520                  65.6002           67.2381
521                  65.6002           67.1172
522                  65.6002           67.2296
523                  65.6002           67.1074
524                  65.6002           67.1986
525                  65.6002           67.2705
526                  65.6002           67.3659
527                  65.6002           67.3332
528                  65.6002           67.3671
529                  65.6002           67.2668
530                  65.6002           67.1821
531                  65.6002           67.1883
532                  65.6002           67.4467
533                  65.6002            67.342
534                  65.6002           67.3591
535                  65.6002           67.2715
536                  65.6002           67.2639
537                  65.6002           67.1954
538                  65.6002           67.3257
539                  65.6002           67.4841
540                  65.6002           67.3208
541                  65.6002           67.2849
542                  65.6002           67.3515
543                  65.6002           67.3633
544                  65.6002           67.3611
545                  65.6002           67.1528
546                  65.6002           67.4932
547                  65.6002           67.3103
548                  65.6002           67.2265
549                  65.6002            67.306
550                  65.6002           67.3068
551                  65.6002           67.1638
552                  65.6002           67.2717
553                  65.6002           67.3729
554                  65.6002           67.3822
555                  65.6002           67.2387
556                  65.6002           67.2784
557                  65.6002           67.3416
558                  65.6002           67.2472
559                  65.6002            67.209
560                  65.6002           67.2289
561                  65.6002           67.2712
562                  65.6002           67.1915
563                  65.6002            67.466
564                  65.6002           67.4212
565                  65.6002           67.2799
566                  65.6002           67.3556
567                  65.6002           67.4056
568                  65.6002            67.409
569                  65.6002           67.3702
570                  65.6002           67.2171
571                  65.6002           67.2851
572                  65.6002           67.3552
573                  65.6002             67.37
574                  65.6002           67.3938
575                  65.6002           67.2613
576                  65.6002           67.2446
577                  65.6002           67.2916
578                  65.6002           67.2324
579                  65.6002           67.3712
580                  65.6002           67.2495
581                  65.6002           67.3019
582                  65.6002           67.1701
583                  65.6002           67.5535
584                  65.6002           67.4058
585                  65.6002           67.3343
586                  65.6002           67.3622
587                  65.6002            67.292
588                  65.6002           67.3043
589                  65.6002            67.182
590                  65.6002           67.0884
591                  65.6002           67.1007
592                  65.6002           67.2105
593                  65.6002           67.2748
594                  65.6002           67.3935
595                  65.6002           67.4566
596                  65.6002           67.3549
597                  65.6002           67.4045
598                  65.6002             67.21
599                  65.6002           67.4069
600                  65.6002           67.4885
601                  65.6002           67.3314
602                  65.6002           67.4096
603                  65.6002           67.2699
604                  65.6002           67.3109
605                  65.6002           67.3403
606                  65.6002            67.293
607                  65.6002           67.1553
608                  65.6002           67.2047
609                  65.6002           67.3892
610                  65.6002           67.0879
611                  65.6002           67.1911
612                  65.6002           67.3412
613                  65.6002           67.3834
614                  65.6002           67.4299
615                  65.6002           67.1136
616                  65.6002           67.2808
617                  65.6002           67.2977
618                  65.6002           67.4381
619                  65.6002           67.4778
620                  65.6002           67.2626
621                  65.6002           67.2553
622                  65.6002           67.4674
623                  65.6002           67.2998
624                  65.6002           67.3045
625                  65.6002           67.4006
626                  65.6002           67.4041
627                  65.6002           67.3377
628                  65.6002           67.1557
629                  65.6002           67.2982
630                  65.6002           67.2492
631                  65.6002           67.2431
632                  65.6002           67.3837
633                  65.6002           67.3095
634                  65.6002            67.282
635                  65.6002           67.3427
636                  65.6002           67.4215
637                  65.6002           67.3971
638                  65.6002           67.3133
639                  65.6002           67.3711
640                  65.6002           67.2718
641                  65.6002           67.3594
642                  65.6002           67.4353
643                  65.6002           67.2789
644                  65.6002           67.1934
645                  65.6002           67.3245
646                  65.6002           67.2609
647                  65.6002           67.2576
648                  65.6002           67.3856
649                  65.6002           67.1703
650                  65.6002           67.2344
651                  65.6002           67.2592
652                  65.6002           67.4987
653                  65.6002           67.1457
654                  65.6002           67.2548
655                  65.6002           67.3547
656                  65.6002           67.2908
657                  65.6002           67.2543
658                  65.6002           67.2919
659                  65.6002           67.3554
660                  65.6002           67.2483
661                  65.6002           67.4002
662                  65.6002           67.2451
663                  65.6002           67.2522
664                  65.6002           67.1704
665                  65.6002           67.3166
666                  65.6002           67.4826
667                  65.6002           67.2547
668                  65.6002           67.3733
669                  65.6002           67.3231
670                  65.6002           67.3498
671                  65.6002           67.2975
672                  65.6002           67.3584
673                  65.6002           67.2674
674                  65.6002           67.3639
675                  65.6002           67.2057
676                  65.6002           67.1715
677                  65.6002           67.2336
678                  65.6002           67.4418
679                  65.6002           67.4429
680                  65.6002           67.3999
681                  65.6002           67.2437
682                  65.6002           67.2027
683                  65.6002            67.238
684                  65.6002           67.2231
685                  65.6002           67.2469
686                  65.6002           67.4182
687                  65.6002           67.3977
688                  65.6002           67.3577
689                  65.6002           67.2798
690                  65.6002           67.2829
691                  65.6002           67.3891
692                  65.6002           67.1116
693                  65.6002           67.1314
694                  65.6002           67.0977
695                  65.6002           67.1324
696                  65.6002           67.2924
697                  65.6002           67.2926
698                  65.6002           67.4252
699                  65.6002           67.2611
700                  65.6002           67.1596
701                  65.6002           67.1843
702                  65.6002           67.2411
703                  65.6002           67.1174
704                  65.6002           67.0427
705                  65.6002           67.2262
706                  65.6002           67.1528
707                  65.6002           67.2321
708                  65.6002           67.2503
709                  65.6002           67.4196
710                  65.6002           67.3596
711                  65.6002           67.2375
712                  65.6002           67.2708
713                  65.6002           67.2485
714                  65.6002           67.4372
715                  65.6002           67.4144
716                  65.6002            67.451
717                  65.6002           67.2941
718                  65.6002           67.4013
719                  65.6002           67.2916
720                  65.6002           67.3218
721                  65.6002           67.1617
722                  65.6002           67.4207
723                  65.6002           67.4212
724                  65.6002           67.2443
725                  65.6002           67.3778
726                  65.6002           67.3429
727                  65.6002           67.1946
728                  65.6002             67.12
729                  65.6002           67.3544
730                  65.6002           67.2955
731                  65.6002           67.4456
732                  65.6002           67.5536
733                  65.6002           67.2734
734                  65.6002           67.3334
735                  65.6002           67.5305
736                  65.6002           67.4458
737                  65.6002           67.1414
738                  65.6002           67.2467
739                  65.6002           67.2862
740                  65.6002           67.1784
741                  65.6002           67.4155
742                  65.6002           67.3603
743                  65.6002            67.296
744                  65.6002           67.2413
745                  65.6002           67.3521
746                  65.6002           67.3147
747                  65.6002           67.3716
748                  65.6002            67.394
749                  65.6002           67.2915
750                  65.6002           67.1313
751                  65.6002           67.3463
752                  65.6002           67.3874
753                  65.6002           67.4506
754                  65.6002           67.3113
755                  65.6002           67.2651
756                  65.6002           67.3365
757                  65.6002            66.989
758                  65.6002           67.1834
759                  65.6002            67.417
760                  65.6002           67.4574
761                  65.6002           67.4004
762                  65.6002            67.253
763                  65.6002           67.0818
764                  65.6002           67.2374
765                  65.6002           67.4596
766                  65.6002           67.5379
767                  65.6002           67.2464
768                  65.6002           67.2919
769                  65.6002           67.2744
770                  65.6002            67.156
771                  65.6002           67.2996
772                  65.6002           67.2295
773                  65.6002            67.318
774                  65.6002           67.1518
775                  65.6002           67.1659
776                  65.6002           67.3451
777                  65.6002           67.3643
778                  65.6002            67.274
779                  65.6002           67.3323
780                  65.6002           67.3453
781                  65.6002           67.4169
782                  65.6002           67.3739
783                  65.6002           67.3411
784                  65.6002           67.2582
785                  65.6002           67.1956
786                  65.6002           67.2232
787                  65.6002           67.2572
788                  65.6002           67.3059
789                  65.6002           67.4069
790                  65.6002           67.4359
791                  65.6002            67.281
792                  65.6002           67.3436
793                  65.6002           67.1958
794                  65.6002           67.2286
795                  65.6002           67.3607
796                  65.6002           67.3598
797                  65.6002           67.4633
798                  65.6002           67.4303
799                  65.6002            67.236
800                  65.6002           67.2753
801                  65.6002           67.2528
802                  65.6002           67.3487
803                  65.6002            67.228
804                  65.6002           67.2315
805                  65.6002           67.4691
806                  65.6002           67.4374
807                  65.6002           67.3395
808                  65.6002           67.3602
809                  65.6002           67.4385
810                  65.6002           67.1797
811                  65.6002            67.381
812                  65.6002           67.2766
813                  65.6002           67.2333
814                  65.6002           67.3953
815                  65.6002           67.3265
816                  65.6002           67.2739
817                  65.6002           67.1442
818                  65.6002           67.2804
819                  65.6002           67.1697
820                  65.6002           67.2558
821                  65.6002           67.2505
822                  65.6002           67.1326
823                  65.6002           67.3227
824                  65.6002           67.3987
825                  65.6002           67.2996
826                  65.6002           67.3225
827                  65.6002           67.3764
828                  65.6002           67.3324
829                  65.6002           67.3574
830                  65.6002           67.3254
831                  65.6002           67.2059
832                  65.6002           67.2382
833                  65.6002           67.4536
834                  65.6002           67.3237
835                  65.6002           67.4209
836                  65.6002           67.2941
837                  65.6002           67.3702
838                  65.6002           67.3743
839                  65.6002           67.3012
840                  65.6002           67.2979
841                  65.6002           67.2744
842                  65.6002           67.3052
843                  65.6002           67.3037
844                  65.6002           67.3967
845                  65.6002           67.4123
846                  65.6002           67.3514
847                  65.6002           67.4193
848                  65.6002           67.4136
849                  65.6002           67.4005
850                  65.6002            67.115
851                  65.6002           67.0053
852                  65.6002            67.157
853                  65.6002           67.3381
854                  65.6002            67.408
855                  65.6002           67.3081
856                  65.6002           67.4877
857                  65.6002           67.2906
858                  65.6002           67.3866
859                  65.6002           67.3364
860                  65.6002           67.4054
861                  65.6002            67.457
862                  65.6002           67.3168
863                  65.6002           67.2332
864                  65.6002           67.1789
865                  65.6002           67.3406
866                  65.6002           67.3644
867                  65.6002           67.4012
868                  65.6002           67.3265
869                  65.6002           67.2729
870                  65.6002           67.4473
871                  65.6002           67.4046
872                  65.6002           67.3021
873                  65.6002           67.3344
874                  65.6002           67.2135
875                  65.6002           67.3576
876                  65.6002           67.4353
877                  65.6002           67.4686
878                  65.6002           67.2292
879                  65.6002           67.2275
880                  65.6002           67.2883
881                  65.6002           67.2447
882                  65.6002           67.1929
883                  65.6002           67.2425
884                  65.6002           67.3289
885                  65.6002           67.3189
886                  65.6002           67.3662
887                  65.6002           67.3641
888                  65.6002           67.2715
889                  65.6002           67.3882
890                  65.6002           67.3045
891                  65.6002           67.2002
892                  65.6002            67.326
893                  65.6002           67.4275
894                  65.6002           67.1642
895                  65.6002           67.2307
896                  65.6002           67.4745
897                  65.6002           67.3099
898                  65.6002           67.3108
899                  65.6002           67.3824
900                  65.6002           67.3216
901                  65.6002           67.2315
902                  65.6002           67.2031
903                  65.6002           67.2603
904                  65.6002           67.1968
905                  65.6002           67.1424
906                  65.6002           67.4445
907                  65.6002           67.5516
908                  65.6002           67.3678
909                  65.6002           67.3256
910                  65.6002           67.3149
911                  65.6002           67.1663
912                  65.6002           67.2957
913                  65.6002           67.4293
914                  65.6002           67.3707
915                  65.6002             67.34
916                  65.6002           67.2097
917                  65.6002           67.3505
918                  65.6002           67.4695
919                  65.6002           67.3356
920                  65.6002           67.3195
921                  65.6002           67.2811
922                  65.6002            67.386
923                  65.6002           67.3906
924                  65.6002           67.2711
925                  65.6002           67.2544
926                  65.6002           67.0514
927                  65.6002           67.4413
928                  65.6002           67.3613
929                  65.6002            67.398
930                  65.6002           67.4172
931                  65.6002           67.4037
932                  65.6002           67.3008
933                  65.6002            67.379
934                  65.6002           67.3157
935                  65.6002           67.2865
936                  65.6002           67.1845
937                  65.6002           67.2039
938                  65.6002           67.3331
939                  65.6002           67.4028
940                  65.6002           67.2254
941                  65.6002           67.4091
942                  65.6002           67.2522
943                  65.6002           67.3589
944                  65.6002           67.2942
945                  65.6002           67.3868
946                  65.6002           67.2127
947                  65.6002           67.2686
948                  65.6002           67.3724
949                  65.6002           67.2834
950                  65.6002            67.097
951                  65.6002           67.1868
952                  65.6002           67.2427
953                  65.6002           67.2959
954                  65.6002           67.3028
955                  65.6002           67.3192
956                  65.6002           67.2907
957                  65.6002           67.3817
958                  65.6002           67.5377
959                  65.6002           67.4249
960                  65.6002           67.3414
961                  65.6002            67.382
962                  65.6002           67.0878
963                  65.6002           67.2215
964                  65.6002           67.2004
965                  65.6002           67.0877
966                  65.6002           67.1664
967                  65.6002           67.3342
968                  65.6002           67.2248
969                  65.6002           67.1606
970                  65.6002           67.2194
971                  65.6002           67.2713
972                  65.6002           67.4972
973                  65.6002           67.3195
974                  65.6002           67.3609
975                  65.6002           67.3876
976                  65.6002           67.4365
977                  65.6002           67.2976
978                  65.6002           67.3382
979                  65.6002           67.3889
980                  65.6002           67.3802
981                  65.6002           67.3382
982                  65.6002           67.1806
983                  65.6002              67.3
984                  65.6002           67.2962
985                  65.6002           67.5165
986                  65.6002           67.3765
987                  65.6002           67.3388
988                  65.6002            67.189
989                  65.6002           67.2883
990                  65.6002           67.2509
991                  65.6002           67.4216
992                  65.6002           67.3699
993                  65.6002             67.38
994                  65.6002           67.3327
995                  65.6002           67.2677
996                  65.6002           67.2814
997                  65.6002           67.2793
998                  65.6002           67.3095
999                  65.6002           67.1796
