#   N_BLOCK:  ACCEPTANCE:
           11.000000e+00
           21.000000e+00
           31.000000e+00
           41.000000e+00
           51.000000e+00
           61.000000e+00
           71.000000e+00
           81.000000e+00
           91.000000e+00
          101.000000e+00
          111.000000e+00
          121.000000e+00
          131.000000e+00
          141.000000e+00
          151.000000e+00
          161.000000e+00
          171.000000e+00
          181.000000e+00
          191.000000e+00
          201.000000e+00
