0.727303
0.845992
1.61981
0.516612
-0.0822009
-0.700825
1.28722
-1.37379
-0.00463715
-0.177825
-0.140382
0.666299
0.136067
0.802173
-1.34747
-0.605179
-0.520763
0.379044
-0.698498
0.432952
-0.686336
-0.791084
1.10016
-0.529279
0.422052
0.0153687
0.668058
0.452137
-0.203442
-0.921831
1.0211
-0.555097
-0.784629
1.20013
-1.18119
1.17678
-0.0597453
0.0943585
1.32406
-1.0179
0.432338
-0.191394
-0.47602
-0.406524
-0.34667
-0.64033
0.351299
0.847498
-0.286495
-0.777945
-0.444622
1.16709
-1.00299
0.583923
-1.69986
0.523621
-0.356434
-0.976968
0.0866151
-0.218776
-0.963296
0.338827
-0.04423
-0.324277
0.451668
-1.04823
-0.155588
0.305299
-0.869125
-1.18028
1.12709
-1.85138
-0.656148
0.260364
0.390886
0.452034
0.961416
0.139869
1.4439
-0.471883
0.967083
-0.549547
1.02524
-0.597534
-0.800921
-0.297528
0.23888
0.204392
-0.258613
-0.682338
-1.14059
-0.791125
1.15828
0.471309
-0.418362
-1.92096
0.755059
-0.521988
0.537612
0.942095
-1.57828
0.563843
-0.754541
0.342019
-0.592007
-0.636533
0.770091
0.186127
-1.6289
-0.0192517
1.02884
-1.39831
-0.818631
-1.15838
-0.141522
-0.962767
-1.39398
0.0963023
-0.493704
0.805203
0.232847
0.903
1.14433
0.234329
0.660662
-1.19239
-0.566244
-1.51774
0.359465
1.51945
0.191367
1.47278
-1.13953
0.919355
-0.0672752
-0.721055
0.555859
0.496295
-0.477179
0.0794029
0.728845
-0.713256
0.853525
0.178628
-0.87321
-1.35033
-0.148424
0.650877
0.00803942
0.606519
0.433384
-0.0630121
-0.741691
0.0340626
0.281254
0.590125
1.09355
0.240321
0.508071
-0.963539
0.057944
0.792882
-0.459392
-0.868097
-1.04252
0.712997
-1.3091
0.715039
0.74359
-0.616242
-1.02972
-0.763638
0.690141
-0.443277
-1.19659
0.340783
-0.63008
0.943114
-0.214711
-0.130613
-0.180454
0.473975
0.559448
-0.884497
0.475742
-0.848885
0.368393
-0.462955
-1.37482
-0.818873
-0.971379
-0.242073
0.734394
1.82739
-0.87148
1.45157
0.78354
-0.0747279
0.47727
1.11717
-0.416331
0.9441
0.874513
0.480966
-1.0115
0.683666
-0.419671
-0.290456
0.31291
1.33213
0.232219
0.504549
-0.292481
0.572128
-1.17312
-1.11608
0.432301
-0.0443658
-0.36168
0.590355
1.55471
-0.952886
1.01081
0.97548
-0.775836
1.23411
-0.785115
0.577311
-0.165911
0.136053
-0.948834
0.065441
-0.840559
-0.888612
-0.819113
-1.20847
-0.542865
-0.958111
1.38727
-1.18947
0.248727
0.724849
1.30277
1.49247
-1.12141
-0.886735
0.960223
-0.352247
0.812964
-0.941764
1.01008
-0.961555
-0.357499
0.361283
1.71942
0.825166
0.786188
0.943105
1.52666
-1.51084
-1.3133
0.972603
0.355278
-1.00687
-0.407111
-1.12472
-0.155528
1.20061
-0.261587
0.663986
1.11734
-0.622586
0.719316
0.321434
-1.9137
0.456432
-1.80998
-0.433978
-0.890501
0.655057
1.39618
-0.0805764
1.65763
-1.58623
-0.405914
-0.807227
-0.192168
-0.379348
0.982248
-0.524469
0.924253
0.569421
-1.33674
-0.706442
1.53365
-1.02242
-1.17604
-1.1956
1.12418
0.339877
-0.722795
1.182
-0.639594
0.203668
0.957336
-0.162387
0.404613
0.326699
0.328488
-0.560364
0.467254
0.612537
-1.29718
1.14116
0.00669251
1.33944
-0.167129
-0.441758
0.0424811
0.0179435
0.757994
0.723632
-0.765809
1.02433
0.970071
-1.03041
0.856003
-0.652211
0.716092
-0.214844
0.713189
-1.896
0.33616
-0.023259
0.189993
-0.565127
-1.7208
0.731614
1.23199
0.755799
0.592203
1.22079
0.879216
-0.759155
-0.411518
-0.89578
0.423602
-0.22659
0.253183
-0.584311
0.297672
-0.767975
-1.56472
0.254166
-0.211863
0.111731
-0.851047
1.28829
0.98244
1.49398
0.686247
-0.0467245
-0.261334
1.56243
-0.0848245
-0.520446
-0.617701
-0.737832
-0.114246
-0.956189
-0.269278
0.615117
0.0979328
1.14563
0.814028
-0.377479
0.251383
-0.391722
-0.701333
-0.0170214
0.977845
-1.02475
-1.05153
0.0484123
0.673785
0.6337
-0.785392
1.05886
0.774716
0.732645
-0.463203
0.359838
0.0827219
-1.62147
1.25708
-0.41615
-0.478961
0.367387
0.513569
0.40864
-0.756839
-0.509715
-1.15742
-0.308762
0.973721
0.646055
0.574212
1.0226
0.940846
0.295019
0.124606
1.30613
-0.697848
0.54779
-0.621997
-0.755357
-0.96341
1.04563
-0.802646
-0.355638
-0.00925865
0.541803
-0.143549
1.19853
0.514656
1.11571
-0.29054
-0.970128
-0.300806
-1.07738
0.0768528
-0.646543
0.40156
0.690229
1.28271
0.770048
-0.843108
0.67976
0.430413
0.840028
-0.515554
0.0789355
-0.495395
-1.50445
-0.489306
-0.812305
0.840748
1.38099
0.0515823
-1.09941
-0.0989826
0.354105
-0.984285
-0.266882
0.353486
-1.12137
-0.538939
0.347457
-0.148892
-1.16613
1.38101
1.49956
-0.738567
2.14574
-1.06551
0.0575685
-1.95304
1.35518
-0.849674
-1.12225
0.672994
-1.19654
0.714069
1.58498
-0.926007
-0.971667
-0.629466
-1.59406
-0.958815
-0.225131
0.513537
0.445848
-0.512059
-1.4204
0.383355
0.0399432
-1.61329
0.700755
-0.743436
0.57173
0.619775
-1.75892
0.561396
-0.232885
-0.741419
-1.30288
-1.44245
1.21875
1.27879
-0.582873
0.377674
0.526484
-1.16142
0.687616
-0.176701
1.71943
-0.216193
-0.644463
-0.129916
-1.3203
-0.353923
0.0530597
0.776375
-1.47379
0.902396
-0.892092
1.15864
-0.478435
-1.10762
0.696199
-0.349921
-1.09003
-0.181895
0.637931
-1.13263
-0.420025
-0.512674
-1.04616
0.195751
-0.279046
-1.51401
0.799796
0.492744
-0.342018
0.569039
-0.750458
0.789801
0.394602
0.88837
0.64704
0.102341
0.72177
1.19763
-0.152075
0.408409
1.48445
0.335884
1.44982
-1.18334
-0.510785
-0.464651
0.632895
0.397455
0.716197
-0.0833933
0.91582
0.108088
1.12392
0.824257
-0.175462
0.736901
-0.88423
0.0976672
0.871097
-0.552757
-0.158392
0.654108
-1.83569
1.07868
-1.57078
-0.873261
-1.14036
1.58169
-0.767154
0.905914
0.751912
-0.644565
-0.395291
-0.70708
1.14184
1.23469
1.05735
0.761387
-0.0739511
-1.28416
0.99667
-0.0086474
0.756129
-1.26308
-1.4991
0.358821
0.352575
-0.577057
0.661365
-0.951476
0.432275
1.12351
-0.732081
-1.44189
-1.43017
-1.30148
-1.53014
-0.67019
0.572031
0.408177
-0.826462
-0.563106
0.695546
-0.642955
-0.424865
0.860822
-0.451262
-0.72192
1.02161
1.40016
-0.654305
0.769989
0.917667
1.25427
1.69621
-0.216503
-0.556199
0.0073874
-0.67675
0.686533
1.62098
0.176458
-0.339364
-0.371199
0.662733
-0.966649
-0.862498
0.933079
0.345071
-0.753289
-1.14161
0.392194
-1.10275
-0.53535
0.81229
-0.687243
-1.14661
-1.37356
-0.104061
-1.22719
0.510893
1.04875
-0.900166
0.355728
-1.24485
-1.40924
-0.318199
-0.838017
1.02533
1.14473
-0.0979804
-0.323692
-0.0573941
-0.546508
-0.897735
-0.808721
-0.0741229
-0.901122
0.430911
1.01042
0.632614
-0.492348
1.21423
0.724594
0.747439
1.27477
-0.198458
1.02645
0.642186
-0.137442
-0.350551
0.925907
0.142745
-1.71435
-0.423841
0.8434
1.15717
0.356913
-0.853336
0.0648289
-0.160646
-0.667714
0.466186
-1.11039
0.884558
0.69061
-0.59966
0.528839
-0.0665165
0.390984
-1.81164
-1.47728
0.199162
-0.245902
1.35208
-1.07441
0.835712
-0.455443
0.709114
1.93746
-1.54835
-0.309029
-0.772301
0.591414
-1.74734
-0.126423
-0.155053
0.912342
0.533888
-1.126
-0.782563
-0.208799
0.841245
-2.15819
-0.188239
0.647133
-0.273075
0.413208
0.560143
0.317225
-1.02813
-0.962142
0.0967173
-0.262442
0.729293
-0.27313
-0.586358
-0.868414
-0.327692
0.431012
0.135097
0.286253
-0.197735
-0.616139
-0.401
0.819836
0.0664085
-0.396938
1.06153
0.0618124
1.14072
-1.07481
-1.56004
-0.193921
1.43812
0.644987
-1.18983
-0.952467
-1.16719
-0.825262
1.1973
-0.462249
1.19202
0.413676
-0.542374
-0.732783
-0.672039
0.951156
-1.26688
1.14785
0.0382772
-0.997411
1.23841
1.35208
-1.41533
0.68989
0.196102
-1.43341
-0.378055
-2.50665
-0.900885
-0.186771
0.594213
1.96696
0.895239
-1.52795
0.901031
-0.707209
0.740521
-1.00648
0.748833
1.08619
1.13474
1.31976
1.27649
1.41121
-0.208769
-0.311568
0.20288
1.35025
-1.10064
-2.09576
-0.772605
-0.778778
1.49373
0.363985
-0.72265
0.141358
-1.2603
1.05165
0.476879
0.273837
-0.613149
-1.08931
-0.298898
-0.568059
-0.924073
0.561594
1.41323
0.840418
1.20668
1.22937
-1.14062
-0.457204
-0.880984
-0.511893
3.36411e-05
0.99046
0.843505
0.516124
-0.858672
0.122766
-1.26581
0.124941
0.641939
-0.150939
-1.09384
-0.700106
1.15885
-0.649456
-0.582403
0.824234
0.80189
0.403181
0.557111
-1.19704
0.501311
-0.542938
0.429427
1.10684
1.39846
-0.019668
0.685878
-0.469144
0.278686
-0.35832
-0.0246866
-1.18774
0.91445
-0.216302
-0.599895
-0.397385
-0.581159
-0.356967
-1.42901
0.787252
0.607513
0.643184
-1.07595
0.869458
0.60369
-0.330462
0.943465
0.370576
0.778159
0.9324
-0.654529
0.775318
1.12381
0.77548
-0.830479
-0.496712
0.183323
-0.471495
0.842266
-1.89984
-0.712965
-0.868141
0.70396
0.669389
0.401596
-0.25783
-1.97925
0.931363
1.03631
1.36012
-1.4834
0.835473
1.18467
-1.23961
-0.194388
-0.878012
-1.69455
1.21612
1.72882
0.605904
-1.0452
-1.26287
0.921404
-0.722746
0.614287
-0.503491
-0.231823
0.127681
1.31056
-0.208941
-0.966751
-1.36295
0.575471
1.3464
-0.106526
-1.07921
0.504709
0.933855
-0.488886
0.826307
-1.16017
-0.918239
0.75652
-0.402345
0.659336
-0.352341
0.552322
-0.912895
1.37073
-0.640165
-0.885187
0.809499
-1.51782
0.476016
-0.57053
0.151372
0.856522
-0.219129
1.07664
0.328314
0.187336
0.646906
-1.34474
-0.824852
-0.545063
0.925305
0.415282
0.47673
0.130968
-0.557647
0.885159
1.87873
-0.689043
-0.613005
-0.0319531
0.626076
-1.07702
-0.682146
1.489
-0.306166
0.210539
0.231257
1.18211
1.24101
-0.0260532
-0.891189
0.224641
-0.13513
0.395542
0.275178
-1.40967
-1.24074
0.897585
0.744208
-0.165671
-0.628517
0.558902
-0.876602
-1.20527
0.916048
-0.401205
-0.293406
0.684332
-0.755824
-1.41758
-0.661451
0.522573
-1.19362
0.493144
-0.908404
0.168772
-0.814036
0.608429
0.710761
-0.695519
-1.07027
-0.724369
-1.17986
1.25284
0.996303
1.09351
-0.174897
0.931655
0.490886
-0.510843
-1.85918
-1.17763
0.907032
-0.22804
-0.312154
0.774785
-1.12944
0.594521
-1.06682
-0.612894
-0.874484
-0.534157
-0.386911
-0.587859
-1.34988
0.87205
1.24791
-0.674513
-0.690955
-0.592102
0.98879
-0.511673
1.23704
-0.914366
-1.03289
0.892325
0.482815
0.815687
1.21148
1.20752
-1.29299
0.808531
0.849963
-0.661606
1.26282
0.446449
-0.899965
0.10133
-0.243909
1.02135
1.45571
-0.406374
-0.71699
1.46792
0.820906
-0.722289
0.47746
-0.747177
0.31136
1.0164
-0.696023
0.535862
-0.843656
1.36758
1.22218
0.50532
-0.112701
-0.657097
1.29605
0.488936
-0.550688
-0.591345
-0.236782
1.22264
0.844494
1.01535
0.14999
-0.134964
0.580634
1.0826
-1.23497
-0.188412
-0.578044
-0.444421
-0.158576
-0.733316
-0.744941
-1.29994
0.0472254
-0.554154
1.3976
-0.721553
-0.506969
-0.893444
0.948513
1.10459
1.03584
0.131242
0.620483
-0.460025
0.782144
-1.80025
1.77687
-1.7961
-0.538794
0.583646
-0.812505
-0.859938
1.41139
1.28377
-1.61261
-0.150295
-0.106203
-0.974413
1.39508
-1.30615
-0.827145
1.28442
-0.424825
0.564906
-0.0538897
1.18221
0.165009
-0.218506
1.21539
0.975884
0.313092
-0.783486
-0.156639
-1.17368
-0.988193
-1.12576
0.862751
1.21981
1.24443
-1.20129
-0.792177
-0.38287
1.27426
-0.181868
0.216422
-0.671686
-0.022991
0.527622
0.53216
1.56199
-1.05334
1.14832
-0.705724
-1.04583
0.557586
-0.0270953
0.658954
-0.232163
-0.399165
1.11858
0.416733
0.28832
-0.816683
0.477552
0.41064
-0.422973
1.20981
-1.0954
0.908925
-0.378492
0.692723
0.876031
-0.527704
-1.1612
-0.127081
1.15444
1.40368
-0.570643
-0.460486
1.22683
1.23069
1.17837
0.812008
0.149868
-0.955252
-0.684342
0.193688
0.00387891
0.77454
1.02312
0.202355
1.05183
0.257222
0.486986
-0.0818389
0.757848
0.784484
0.941491
-0.118529
-0.663905
-1.08059
0.928603
1.74085
0.72566
0.119162
-0.213134
0.0107476
0.466508
-0.0603347
0.298937
1.2652
0.611154
-0.423625
0.711839
-0.870696
1.01642
0.761818
0.794056
0.593255
-0.465961
-0.88411
0.0874218
-1.29584
-1.75655
0.353677
-0.761493
0.977312
-0.167882
-1.38005
-0.832139
-0.712949
-0.107753
-1.31403
0.988717
0.955157
0.0248413
-0.977615
0.246852
-1.15354
-1.50259
-0.701877
-0.638192
1.27478
-1.21316
0.40115
-0.250485
0.283878
-1.28205
-0.857153
-0.144862
-1.29735
1.69484
-0.945608
1.28087
-0.743268
1.0195
1.51978
-0.960935
0.625588
-0.55252
-0.745551
0.245792
-1.06327
0.246772
-1.55197
0.248681
0.168999
0.548317
-0.96953
-0.0439681
1.14277
-1.49054
-0.494981
-0.216683
-0.177653
0.259775
-1.09489
-1.31489
0.461037
0.258433
-0.0178243
1.40062
-1.30899
0.148071
-0.631264
0.811712
-0.11231
-1.10023
-0.0408461
0.232356
0.879661
1.04672
-0.836371
1.29808
0.99702
1.81188
1.24673
-0.376132
-0.595783
0.070533
0.893919
-0.448152
-1.14977
0.372646
0.458037
1.18822
-0.327241
0.932262
-0.0785287
1.22911
-0.632403
-1.30648
-0.999356
-0.475213
0.450328
0.49739
-1.38388
-0.71286
1.3008
1.63933
-0.826372
0.249266
0.657512
0.784017
0.190936
-1.38183
1.91742
0.548852
-0.676018
0.154965
-0.370577
0.784568
-0.794266
0.600762
-0.0969486
-0.237237
-0.604424
0.201812
2.11494
0.116311
0.710179
-0.773784
0.637754
-0.590188
-0.390018
0.38333
-0.277389
-0.238626
0.0811582
-1.07482
0.980785
-0.61347
-1.19617
0.193593
-0.453159
0.707994
1.21305
-0.0695576
-0.951372
0.300871
0.962608
-0.937299
0.558429
1.77911
-0.220835
-0.749169
-1.05923
-1.39981
-0.320631
-1.46062
-0.629871
-0.615477
0.73942
-0.509501
0.690307
0.566808
1.49568
0.0739199
-0.34021
0.111034
-0.758898
-0.794373
-1.05852
-1.10973
-0.516954
-1.0098
-0.943976
0.933106
-0.865645
0.924167
-0.56865
0.584043
0.703194
-0.11444
-0.316236
-1.20319
0.684631
0.888543
-1.00187
0.753502
-1.20776
0.861861
-0.445039
-0.5208
0.869338
-0.75889
-1.47732
0.420304
0.32438
-0.304642
0.772021
-1.09853
0.0958619
-1.04952
-1.12445
1.34068
-0.959713
0.375711
0.281195
-0.024759
-0.38769
0.558378
-1.31356
0.547734
-0.654504
1.49735
1.24472
0.642413
-0.52295
1.39253
-0.454992
-1.19119
-0.299562
1.00227
0.206386
0.682777
-0.482052
1.2171
-1.34744
0.666271
-1.03428
-0.405172
0.882398
0.737901
0.101017
0.831641
0.831772
-0.57412
-0.504466
0.777666
0.995851
-0.58732
0.569832
-0.409317
-1.11971
-0.411068
0.465761
0.0103893
0.261204
-1.04598
-1.3325
0.429769
-0.674108
1.38081
1.26283
0.403225
-1.00152
1.09255
-1.60193
0.102359
1.81518
-0.293003
-0.80313
-0.606746
0.46374
-0.939871
-1.11317
0.097865
-0.0367242
-0.694482
-0.910224
0.951849
0.880167
-0.194417
0.880734
-0.453982
-1.31187
-0.051882
0.730004
-0.673309
-0.261538
0.61161
0.499023
0.366242
-0.659881
-0.19776
-0.949747
-0.811185
1.01223
0.856851
1.03899
-0.309154
0.470642
0.135649
0.590691
-0.561942
-0.550897
0.477762
-0.214021
0.778908
0.958383
-1.11449
-0.506782
1.49912
-1.08507
0.439711
-0.96599
0.567545
1.18016
0.742808
0.0629049
-0.663351
0.217384
-0.573767
0.571337
0.86054
0.444952
-0.389242
0.119715
0.1805
-1.34868
-0.474812
0.879694
-0.269188
-0.292274
-0.222155
-0.866823
1.77708
1.18024
-0.604179
0.733747
1.13544
0.197508
0.44721
0.805715
0.754647
0.963133
0.666868
-0.0776739
-1.90093
-0.689957
0.284639
-1.24076
1.08557
0.271187
1.02681
-0.55071
0.192621
0.934355
-0.664913
-0.51533
-1.46835
-0.259677
1.19437
-0.593333
-0.119424
0.745706
-0.742484
1.76811
1.06943
-0.634364
0.909311
0.84296
-0.213065
0.890491
-1.89365
-0.0841698
-0.435578
0.50756
1.20052
-0.716782
-0.196346
1.2324
-0.389885
0.350995
-0.528486
-0.0934678
-0.835148
-0.33249
1.31952
0.370663
0.433295
1.37932
0.00265049
0.48772
0.294334
0.704376
0.166457
-0.22283
1.17744
1.19371
1.13096
-0.713774
-0.719227
1.3003
0.288939
0.756038
-0.991131
-1.84882
-0.729192
0.82996
-0.538826
-0.714047
1.35133
-1.04035
-0.281798
-0.484236
-0.909277
-0.551319
-0.933305
0.569433
0.768411
-0.498064
0.659531
0.276474
-0.322599
-0.721093
0.306068
1.10986
-0.758223
-0.124923
0.200532
-0.678332
0.78921
-0.988436
-0.671038
0.884235
0.769733
-0.290278
1.20308
-1.37295
0.428108
-1.60988
1.69318
-0.206316
-1.22046
-0.528796
1.01542
0.435175
1.01217
1.09367
-1.36961
-0.376985
-0.41759
-0.344306
0.0705107
0.724803
0.168827
0.91573
0.462814
0.0160243
-1.45811
-0.942557
0.481026
0.161814
-0.702186
-0.78061
-1.24235
-0.800297
0.552321
0.4637
-1.54623
-0.561088
-1.2112
0.42815
0.177702
-1.89167
-0.988629
-0.295397
0.469918
0.980567
0.909528
-0.100955
-0.207018
0.342866
-1.24595
1.09425
-0.852702
-0.882761
0.00493163
-1.33116
0.341356
-1.02024
0.898869
0.653983
1.03613
-0.385204
-0.0702002
0.358382
1.00934
0.333644
-0.77514
-0.967327
-0.287963
1.44996
0.0802234
0.980984
-1.12919
-1.27891
1.64441
-1.3517
-0.41653
1.07122
1.30027
1.02577
-0.816242
-1.16826
-0.969843
-1.67387
-0.590334
0.707262
1.05636
0.804392
1.55178
0.444941
0.412218
-0.754856
-0.582941
-0.24263
-0.853032
0.676394
1.65251
-0.632789
-0.752817
0.941222
-1.19786
-0.14468
0.122509
0.189699
1.08837
1.19702
-0.240917
1.34211
-0.483273
0.733268
-0.651638
-0.410329
-0.997334
0.714581
1.10766
-0.936886
-0.802243
-0.966263
0.842902
-1.10362
0.778541
-1.2897
1.00847
-0.599502
-0.0622433
-0.858379
-0.675084
-0.225565
0.647203
0.425219
-0.0687027
-0.0288666
-1.3982
-0.737253
0.710865
-0.195644
1.22371
1.25645
-1.11923
0.794161
-0.0945872
-0.109798
-0.701342
-1.09595
-1.19689
0.787438
0.715738
1.08735
-0.988134
-1.01456
-1.11839
-0.174739
-0.722797
1.26459
0.734713
-1.39949
-0.046999
1.2172
-0.196175
-0.0467606
-1.37725
-1.50229
-0.964581
0.123132
0.30448
0.519758
0.40543
-1.0914
1.03016
-0.950264
0.123232
0.0593965
0.407473
-1.17763
-1.26874
-0.467257
0.292722
-1.29587
-0.643193
0.96993
-0.514879
-0.512599
-0.455928
0.737029
0.864878
-0.572542
-0.279572
-0.847977
-0.42038
-0.842819
0.892403
1.30753
-0.467162
-0.00189181
-0.646109
1.2307
-0.324397
0.218664
0.552746
-0.940585
0.402183
-1.10539
0.713088
-0.129268
-0.100698
-1.03592
-0.506441
0.919798
0.558848
0.433621
0.745697
0.167055
-0.23519
0.987294
-0.941818
-0.562868
-0.650249
-0.420966
-0.443803
-0.0709224
0.711486
-0.900985
-0.190865
-0.383789
0.775251
-0.867693
-0.731759
-0.767898
0.20177
-0.67525
-0.539413
-0.296676
0.573578
-0.669646
0.942172
0.77827
-0.719425
0.85331
-0.727216
1.17013
1.50278
-0.266288
0.605971
1.10681
-1.2248
1.45493
-1.64014
0.275035
-1.33496
-0.293655
-0.667237
1.64254
0.568198
-0.11582
-1.83932
1.42149
1.23709
0.841522
0.776568
-0.168607
0.794433
0.726905
-1.24593
-0.226271
-0.617325
0.416941
0.817081
0.815039
-0.228218
-0.817194
0.523359
0.590717
0.551436
-1.12117
0.4022
0.317963
0.984706
0.280804
-1.00774
-0.935427
0.368249
-1.1201
1.31749
1.42645
0.354504
0.705324
-1.80786
0.629398
0.0994398
-0.0556625
0.0920089
-0.175343
-0.262917
0.447714
0.869092
0.618493
-0.769044
1.08138
-1.11812
1.53847
0.367856
-0.140553
0.802705
-0.319205
-1.14941
-0.691898
-0.054593
0.710791
-0.92093
-0.93917
0.376647
0.984596
0.446422
1.01129
0.0154451
1.0227
0.550557
0.373869
0.602587
0.40728
1.75012
-0.896368
-0.247499
-1.21656
0.0598958
-0.874588
-0.487182
-0.457103
-0.945174
1.16877
1.13976
-0.685068
-0.534781
1.32835
-0.565992
-0.114491
0.929873
-0.813042
0.0859077
-2.07013
-0.482559
-0.0521113
0.251643
-0.748091
0.319467
1.32926
-1.24895
-0.792522
0.535977
1.12268
-0.541165
-0.801388
-0.194699
-0.818747
-1.06069
0.633746
0.490384
1.08256
0.682529
1.15881
-1.45787
0.836652
-1.23887
-0.496963
1.27119
-0.616695
0.331358
-0.334344
0.490167
0.308105
-1.49371
1.07068
0.797181
0.747998
-0.336832
0.109852
-0.845049
0.837783
0.934708
0.629527
1.23019
0.465338
-0.62647
-1.26685
0.482394
0.351941
-0.780413
0.834257
-0.457094
-0.323793
-1.02498
-0.151542
0.302788
-0.162279
-0.896174
0.967061
2.02557
-0.990015
1.19268
-0.494098
1.1827
0.946381
-0.907535
-0.512461
1.27828
-0.800385
-0.921836
0.077601
-1.70177
0.119163
0.367983
0.577649
-1.06568
0.790884
-0.448522
1.48903
0.657823
0.203329
-0.480042
-1.34596
1.10936
0.329166
-0.343764
-1.08671
0.719851
-0.408641
0.632642
0.698733
-0.557106
0.413032
0.89671
0.846235
0.146383
0.0373349
0.619353
1.14514
1.03448
0.463937
0.865181
-0.826096
-0.462573
-1.00637
-0.0793936
1.10421
-1.51519
-1.15759
0.163259
-0.0419305
-0.671972
0.944778
-1.2698
-1.07698
-0.784542
0.266656
-0.373656
-0.709807
0.94373
0.517173
-1.16251
-1.5195
-0.72537
-1.51426
0.286585
-0.665599
0.368017
0.675857
0.85019
-0.291177
-0.903617
0.646685
-0.386343
-1.25996
1.22254
-0.965916
-0.298942
0.852733
1.19562
0.838515
1.11996
1.46496
0.401669
0.380185
-0.204395
-1.13112
-1.05758
1.0215
0.931929
-0.813959
-0.828768
-1.04092
-0.549731
-0.845675
0.420722
-0.344709
-0.788477
-0.385628
0.0293396
-0.70673
0.0727525
0.0244498
-1.2912
2.05133
-1.08307
1.12962
-0.192295
0.506162
0.840221
0.693923
0.405273
-0.723071
-0.839441
-0.145887
-0.83027
0.321042
0.717806
1.08139
1.21925
-0.3811
0.84884
1.42656
0.0761187
0.629118
1.26255
-1.22446
-0.157005
-0.222378
-0.379009
-0.0218339
-0.680776
-0.201449
0.621035
0.211866
1.14328
-0.1352
0.920997
-0.059792
-0.624133
-1.05204
1.47861
0.549876
-0.94826
0.838829
-0.540622
0.548881
0.0607785
-0.586795
0.108063
1.08301
-1.11906
-1.21651
0.988153
-1.01707
-0.979158
-0.925377
0.633945
-0.946553
-0.73527
-0.498671
-0.814255
0.561419
0.424483
-0.0886685
1.02734
-1.18697
-0.544234
-1.08157
-0.68853
-0.384376
-0.681585
-0.582181
-1.08283
0.718422
-0.280135
-0.394247
0.437998
-1.27541
0.48646
0.688802
-0.0561837
0.560616
-0.880816
-1.09215
1.19917
0.629495
0.262236
1.5589
1.70529
-0.771506
0.277026
0.780427
-1.25259
0.409932
-0.493875
-0.685843
-0.562192
-0.106679
-0.485465
0.83803
0.821617
1.07801
-0.925232
0.963656
1.19767
-0.933823
0.13582
-1.18656
-1.29722
0.363965
1.81474
1.3124
-1.5826
-0.776717
0.999357
-0.317098
-0.671194
-1.42552
-0.872958
-0.24409
0.82111
1.4852
0.1795
-0.77975
1.525
-0.26238
-0.668414
1.3816
-0.361964
0.845448
0.213877
0.583911
-0.18399
0.743574
0.326445
-1.64299
1.39746
0.201474
-0.434093
0.974016
0.912946
0.938739
0.289187
-0.703015
-0.160759
0.72551
1.44582
-0.604585
0.781055
-0.969718
0.666526
0.632975
-0.583826
0.624808
-0.818995
-0.147559
0.519834
-0.311454
-1.30643
-0.477057
0.810241
-0.122448
-0.23828
0.0947451
-1.78539
-0.352621
0.835717
-0.497565
-0.86559
-0.694201
0.111831
-0.413863
-0.761774
0.904636
-0.760763
0.679907
-1.12046
-0.430393
0.477113
-0.952259
-0.520834
-1.11708
0.796456
0.861287
-1.28789
0.616316
1.38169
-0.0354452
-0.440733
0.886604
-1.10279
1.16404
0.205882
-1.22011
0.484196
0.504869
1.17633
0.758868
-0.181809
0.348272
-0.794119
0.808804
-1.16318
1.50244
0.913384
1.0012
-1.2744
-0.61832
0.956631
-1.09506
-1.34545
-1.24021
0.68955
0.191628
-1.92729
1.04531
0.63001
-0.757077
1.17378
0.215539
-1.14552
-0.805852
0.636117
1.61937
-1.25252
-0.613849
-0.400823
-0.432101
1.27303
0.523052
1.20802
2.04632
-0.462296
-0.0152222
-0.530092
-1.13665
0.362711
0.578757
0.395285
0.214166
-0.623063
-0.342344
-0.968464
-0.141352
-0.151133
0.865932
0.418418
1.64936
1.67186
-1.67727
-0.195223
-0.573695
-1.17425
-0.46768
0.630673
1.01804
0.862211
0.70087
1.18887
-0.83789
-1.01131
-1.0492
-0.257362
-0.290857
0.52864
0.129314
-0.603702
-0.935391
0.476646
-0.560562
1.4403
-0.00684402
0.0889762
0.0305101
1.25041
-0.883832
-1.09584
-0.382692
0.369226
-0.631025
-0.614338
0.806771
-2.03389
-0.654095
0.598454
-0.502674
-1.11545
0.698391
-0.781958
-0.407301
-0.606424
-0.946903
-0.611892
-0.638108
-0.649448
-0.43408
-0.64021
0.570305
0.165988
-0.569162
-0.79157
-0.846731
0.270088
0.482975
-0.719213
0.857118
-0.874268
-0.304368
0.120756
-0.61376
-0.389975
0.367871
-0.521372
0.393502
-0.140459
0.87688
-0.83819
1.37471
-0.630943
0.288554
-1.44199
-1.43429
-0.063318
-0.624954
-1.14712
-1.08381
0.584707
-0.757194
0.8834
0.308849
-0.79651
0.820526
-0.261842
0.548555
1.35764
-0.804482
-0.987196
1.1902
-0.745387
-0.75073
0.791503
1.1332
0.405456
-1.80122
-0.716103
1.12146
-0.697455
-0.823072
0.924462
-0.883528
1.35986
-0.270043
1.42611
0.418466
0.477098
-1.10779
-0.909499
1.21765
0.857932
-0.162133
1.31433
1.8615
0.407075
1.24212
0.482415
-0.686585
0.00312255
0.374155
-0.911078
0.870341
0.139815
0.703034
-1.03027
0.383423
0.733498
0.467554
-0.48662
0.416127
-0.097838
1.0859
1.10208
-0.650986
0.917004
-1.30436
1.09106
-0.842511
0.825656
-0.234294
-1.2563
0.363269
0.794007
-1.07835
-0.0806849
0.753016
-0.694921
-0.846056
-0.468083
0.963242
0.177586
-0.703021
0.456055
1.38256
0.656398
0.754738
1.58224
0.910643
-0.201037
0.421772
-0.804368
-1.12656
1.83223
-1.33882
0.61821
-0.193166
0.134343
-0.623345
1.05389
1.20302
0.766582
-1.33352
0.980959
0.344733
0.556821
1.40086
0.366907
-0.613767
-0.53017
-0.48703
0.832214
0.866175
1.15948
0.941025
-1.01065
-0.48116
-0.457454
0.0316242
-1.00729
-1.11847
-0.309142
0.940442
-0.861236
-0.495069
1.58413
0.64614
-0.565018
-0.982799
-0.88567
1.17882
-0.813235
0.769702
0.987118
-0.56581
-1.41943
0.631952
0.775031
0.0227878
0.251077
0.992146
0.127551
0.815622
-1.53117
-0.781929
0.606046
0.261626
-0.327771
-0.96751
-0.435406
1.31591
1.05487
-1.29314
0.66673
-0.0665054
0.859714
-1.61714
-0.190245
-1.02868
-1.06721
-1.3318
-1.39148
-0.17313
1.18365
1.32223
-0.140223
-0.455505
-0.852088
1.01809
-0.294476
1.4469
0.908555
-1.47711
0.377518
-0.477497
-0.783233
-1.32043
-0.893041
0.857214
0.43579
-0.221558
1.1099
-0.218074
-0.670883
-0.62681
-0.445557
0.71965
0.622213
0.427967
0.201906
-1.13998
-0.219546
1.06026
-0.414987
0.321781
0.674324
-0.0549609
-0.318594
-2.10631
-0.641838
1.2456
1.16335
-1.01308
-0.195329
0.0216655
0.266539
-1.10469
0.424272
-0.5189
1.15505
0.357052
0.704413
0.677507
-0.190289
-0.0727764
1.02454
-0.32642
0.791672
-0.017707
-1.02518
-0.48003
-0.744306
-0.101147
-0.526115
0.687495
1.34324
-1.15279
-0.236815
0.11233
0.882846
-1.24161
0.0017649
0.433233
-0.995415
-0.147832
0.96357
0.721072
-1.24632
1.01299
-0.262191
-0.816492
-1.29834
-0.653701
1.52863
0.801153
0.696751
-1.02694
-0.364033
-1.22749
-1.44392
0.350574
-1.16287
0.641352
1.25163
0.833416
-1.31034
0.818002
1.12396
0.946151
0.0172247
-0.969635
0.30216
-0.101547
-0.673214
0.630429
0.868107
0.432175
-0.889511
-0.0198337
-0.483104
-1.09705
-0.396824
0.877315
0.108008
1.42925
-1.55075
0.710197
0.944214
-0.892087
0.958492
0.810887
0.966064
-0.981608
-0.915276
-2.02657
0.933052
-0.323683
-0.786358
0.838298
-0.579746
-0.229251
1.37362
-1.18053
-0.695965
1.11065
-0.0749691
0.306363
-0.0646126
0.996075
-1.10153
1.03859
1.63306
1.54321
1.21175
1.0125
1.67002
0.127374
0.516802
-0.643372
0.512996
-1.09263
0.163724
-0.0341683
-0.759239
-1.2034
0.755822
1.44099
-1.07096
0.684121
0.838295
0.772506
-1.22148
-0.876195
-1.3
-0.093974
-0.98591
-0.952731
1.53449
-0.537968
0.338898
-1.56001
0.673966
-0.771073
-0.418002
-1.09944
-0.598775
0.12784
-0.892009
1.00458
0.109997
0.354068
0.777136
-0.987703
-0.367603
-0.952005
0.495936
1.03419
-0.757952
-1.10216
-0.893104
-0.877473
0.795589
1.09917
-1.44129
-0.833796
1.22856
1.55348
0.913586
0.619879
0.793174
-0.63522
-0.290925
0.221154
0.35583
0.22504
-1.29168
0.0704102
0.525565
-0.780218
0.230131
-0.690641
-1.80838
1.01761
-0.539614
0.497791
0.912339
1.17022
-0.597613
0.999106
-0.707452
-0.558496
1.03104
-0.551178
-0.669977
0.269145
0.544525
1.2299
-1.28703
-0.922912
-1.18131
0.946536
-0.653859
0.255051
0.788364
-0.083338
-1.14142
-0.128443
0.602422
0.550012
-0.34338
-0.680647
1.3869
1.64949
-0.0890879
0.666278
-1.45488
0.0884292
-0.459816
1.70702
-0.36694
0.895776
1.3834
-0.816159
-1.26482
-0.506658
1.6214
0.259564
0.237916
0.767473
-0.542219
0.810679
-0.404975
-0.402171
-0.486182
0.646584
-0.0410385
0.623425
0.566001
0.140079
-0.326304
1.43809
-0.870893
-1.74734
0.793539
-0.346117
0.122562
-0.579484
0.697513
-0.909387
-0.606117
1.05141
-0.728877
0.249931
-0.102416
0.738285
-1.14771
-0.177384
-0.328667
0.184947
-0.749715
0.984763
-0.968818
-1.07588
-0.472073
-0.648119
0.464961
-0.722923
0.0372997
1.11934
1.29557
1.093
-0.963154
0.998793
-1.28291
0.783237
0.444403
0.824362
0.130982
0.93
1.1208
-0.578457
-0.73421
-1.3642
0.306253
0.936678
-0.971824
0.433758
1.51394
1.06583
-0.918202
1.05741
-0.732307
0.104306
0.844746
-1.1652
-0.759851
-0.395507
0.684235
0.387061
0.928817
-0.599581
1.46661
-0.730822
0.713119
-0.889952
-1.00157
1.60465
0.16445
-1.28194
0.260349
0.196375
0.744793
0.00457629
1.34014
-0.583341
-1.45002
0.855132
0.411532
-0.48127
1.38208
-0.0861662
0.356121
0.35249
1.46916
0.913423
0.787497
0.69895
1.13313
-1.59863
-1.56349
1.6467
-0.402396
-0.907691
-0.0690672
0.856868
1.53182
0.634819
0.502097
0.187981
-1.46495
-1.4454
0.353934
1.27033
1.43846
0.921712
0.724161
-0.0637836
-0.89644
0.0172606
-0.765485
-1.13205
1.58868
1.28452
-0.215751
-0.590656
0.681516
-0.617915
-1.103
-0.706669
-0.506887
-0.787609
0.544097
-1.43469
0.486767
0.857317
0.916526
-0.112799
-0.992474
-0.3885
-0.0155988
1.158
1.22111
-1.82626
-0.36382
0.556301
-1.36269
-1.62882
-0.540336
-1.04199
-1.07655
-1.2056
-0.78679
-0.74562
-1.07753
0.910079
0.203409
-0.887867
-1.3109
0.923195
1.30088
0.813571
0.777449
0.226978
0.276497
-0.028824
-0.670296
-0.398933
0.251144
-0.947399
-0.229335
0.999233
-1.15384
0.323047
0.957907
0.0649317
-0.0833516
0.454683
-0.657643
-0.690061
1.03869
-0.629913
-1.00369
1.48263
0.263298
0.448711
0.996707
-0.0805275
-0.855538
-0.570866
-1.44752
0.45154
-0.925328
0.686568
-0.870429
-1.0267
0.807324
-0.0371379
0.508867
-0.265173
0.782296
0.86243
1.00232
-0.755221
-0.557408
0.275754
1.34759
1.15495
0.766035
0.809234
0.340006
0.574275
1.59327
1.12023
1.0329
0.516823
-0.55326
-0.608813
1.04805
-1.46427
-0.701462
1.10015
-0.563721
0.598664
-0.926423
-0.0714977
0.335853
0.137419
0.711063
1.21952
0.776654
-1.00871
-1.52604
1.38328
1.06471
1.37421
-0.185786
0.825202
0.750337
-0.791661
-0.0927573
0.911387
-0.764158
1.24344
1.02334
-0.496342
-0.624151
1.24933
0.00640899
1.23346
-0.0215202
-0.785371
1.18668
0.289886
0.962848
1.29239
-0.750326
1.55845
0.523414
-0.148883
0.0591495
-0.823346
-0.394777
0.750936
1.04073
-1.69399
-1.09098
1.00382
-0.81055
0.41999
-0.423049
-0.605798
0.732801
-0.252067
0.177156
0.19967
0.872427
0.175659
0.535692
-1.03589
-0.886942
-0.944429
-0.748307
1.42184
0.437821
-0.888949
-0.941734
1.08438
-0.46515
-0.574129
-1.17903
0.0998032
-0.722599
-0.27462
-0.519895
-0.638522
-1.27412
0.17812
0.379068
-0.118459
0.58713
-1.19772
-1.87672
-0.0442067
0.876866
0.47767
-0.932429
-1.17035
0.229862
-1.60396
0.811399
-0.672619
0.410098
-0.586013
0.622307
-1.34995
2.09137
-0.221195
-0.598133
0.56643
0.390334
-0.984413
0.6816
0.860479
0.312504
0.654314
-1.01201
-1.24661
-1.26444
1.93719
-0.446454
-0.225426
0.665814
0.745327
-0.333842
0.286049
-0.93575
-0.727569
0.7152
0.00132734
-0.052218
-0.209973
-0.332007
0.157121
-1.02372
1.65225
0.613018
1.28423
-0.933489
-0.720755
-1.49537
-0.693412
-0.601619
-0.902117
1.77209
0.280096
-0.237887
-0.484302
-0.912279
0.34036
0.885269
1.422
0.236338
1.14237
0.06493
-0.351133
-0.663834
-1.48778
-0.557928
0.161487
0.161688
-0.543691
-0.863126
-0.424414
0.913691
-1.1207
0.625764
-0.651495
0.665893
-0.375946
-0.355321
-1.22142
-1.76325
0.0619377
-0.062518
1.32937
-1.1
0.262597
0.980206
-1.45761
-1.6538
1.11592
-1.12655
-0.880907
-0.941516
-0.761552
-0.702279
0.476887
0.291081
-1.43712
0.959073
-1.30946
0.6141
-0.745644
-0.226324
-1.53696
0.841637
-0.760955
1.29386
-0.421244
0.0900438
0.557643
0.4238
0.627978
-0.179744
0.992338
1.60307
-1.23014
-1.03221
-0.787489
0.974377
-1.33512
-0.0864427
0.329669
1.02186
0.432327
-1.02803
-0.324404
0.778587
1.09566
-0.392166
0.0631863
-0.353
-0.799177
-1.13591
1.15244
0.0873448
1.95093
0.828519
1.5434
-0.278126
-0.412729
-0.623474
0.402064
-1.00072
1.21378
0.539434
1.0894
1.6509
-0.772075
-1.17757
1.25707
0.465517
0.85528
0.867195
-0.288273
-0.243617
-0.678375
1.17573
0.385929
0.463194
1.56427
-0.70158
-1.24875
-1.03632
0.79923
-0.716046
1.0158
-0.562691
-0.230917
-1.1346
-0.0709302
-1.19604
1.06592
0.555208
-0.398925
-0.0458679
1.48321
0.500098
-1.32021
-0.617339
1.51071
-0.593678
0.944181
1.47677
0.761933
-0.905884
-0.848496
-0.331588
-0.288179
0.410085
-0.339499
1.05798
0.955822
-1.0643
-1.72144
-0.187817
1.28681
-0.606613
-0.325949
1.06508
1.11372
-0.909441
-0.333346
1.12141
0.777727
0.0294337
-0.778426
-0.557618
0.6077
-0.751976
-0.954247
1.34682
0.997427
0.852361
1.18945
1.46271
-0.838641
-0.449589
-0.877274
-0.330369
0.728976
0.119674
1.04684
-0.245065
0.786009
-1.08281
0.369022
0.102662
0.917082
0.399837
-0.753058
0.258749
0.313422
-0.972832
0.566109
-0.152649
0.647042
0.487791
-0.185075
0.149442
-0.960745
0.970541
0.0861571
1.23409
0.535431
-0.469391
0.535134
-0.365421
-0.801191
-1.15502
-1.46061
0.629075
1.17936
-0.652719
-0.752951
0.531292
1.27018
0.433682
-0.567841
-0.799321
-0.078335
0.32409
-1.14752
-1.01147
-1.28185
-1.34241
-1.00307
0.612993
0.607437
-1.75466
0.6717
0.640317
0.293264
0.257837
0.479187
-0.797429
0.566507
-0.349691
-0.482524
0.753828
1.27864
0.529734
0.0209575
-0.976724
-0.0327758
-0.283906
1.18581
-0.775306
-0.904513
-0.532932
1.27315
0.725446
-1.25101
0.0568566
-1.01183
0.375675
1.0471
0.144605
-0.185017
0.649618
0.14403
-1.3584
0.262794
1.18409
1.39351
-0.823274
-0.384112
-0.729373
0.284399
-0.0569172
1.28476
-0.772587
0.164044
-1.5136
-0.58876
-1.28473
-0.534498
-0.454116
1.30932
0.719079
-1.11705
-0.583662
0.953996
-0.843191
0.448288
-0.87501
-0.90905
-0.794894
1.17758
-1.41467
0.734134
-0.522552
0.167813
-0.314109
-1.10805
-0.595622
-0.533328
-0.307923
0.310357
0.875423
1.11003
-0.454262
1.00067
1.70551
-1.26694
0.196597
-0.64503
-0.488726
0.458051
0.586833
-0.809519
0.0386321
0.638333
-0.53161
1.06338
1.1701
-0.248337
0.834441
0.643676
-0.833387
0.133084
-0.19548
0.594212
0.787967
-1.46223
0.961128
1.0588
-0.516015
0.731885
0.389887
-1.51791
-1.13659
-0.549913
0.443986
0.913816
-0.128081
-0.685201
-0.917897
0.498639
-0.001656
-0.298262
-0.237929
-0.286475
-0.665117
0.475837
0.721233
-0.565514
-1.04659
0.617262
0.814695
-0.43184
1.24141
0.140019
-0.541511
-0.558537
-1.10642
1.24793
-0.487316
1.27692
0.563123
0.0786466
-0.547841
1.2306
-0.794193
0.702148
0.461771
-0.269481
-0.840391
-1.8079
-0.256819
-0.723134
0.694505
-1.11198
-0.701333
-1.39895
1.69782
-1.1322
0.609247
0.92248
-1.15692
-1.22442
-1.04315
0.622605
1.23478
-0.371816
-0.717457
0.921538
-0.62731
1.24811
0.872855
0.808084
-0.430402
-1.06036
1.2598
-1.51938
1.19553
-0.891155
0.92785
0.300829
0.725227
0.669122
0.372221
1.51272
0.136105
0.502173
-0.966194
-0.690413
0.777258
1.55561
1.06131
-0.967804
-0.0462156
0.039462
0.311914
-0.711388
1.31463
-1.58022
-0.919348
-0.231389
-0.585192
1.33393
-0.218794
-1.47816
0.738504
0.638598
0.755271
-1.43596
-0.232237
0.392213
-0.513514
-0.350393
1.23232
0.690676
-0.505678
0.359246
0.607834
1.47905
-1.32846
-0.9386
-0.713125
1.15676
-0.179953
1.08493
-0.707885
-0.77881
-0.354479
-0.999706
-0.704126
-0.563462
0.74237
-0.226737
0.773793
0.349404
0.331627
-0.00314946
1.10375
-0.491574
0.759442
0.422677
0.756069
0.35922
-1.66452
1.58144
1.34856
-1.3219
-0.998096
0.087303
1.46712
1.49345
-0.496081
0.977708
0.612095
-0.875643
0.849115
1.09719
-0.221345
-0.733726
-1.13119
-1.08178
-0.127956
0.187544
-0.983801
1.03968
0.0016707
-0.513422
-0.702959
-0.499529
0.679608
1.50318
0.347161
0.181163
-0.588832
1.01154
0.696293
0.621027
-0.6431
0.357994
-0.70928
1.03576
-1.12769
-1.41195
0.0130142
0.474959
0.816635
0.406148
-0.575606
0.687356
0.786602
-0.634749
1.58999
-0.256117
-0.515429
-0.203287
0.527388
-0.789923
-0.635695
1.76762
1.29498
0.954598
-0.718482
1.07309
0.587508
-1.28679
-0.796063
-0.718098
0.724344
-0.176228
0.91639
-0.126107
-0.217428
0.0529207
0.885325
0.935165
-0.634522
0.458795
0.703938
-1.36667
-0.967222
1.38625
-1.62045
1.0656
1.33078
-1.81933
-0.164602
-0.678592
1.11133
-0.339309
0.201356
-1.54386
0.281874
0.376341
-0.920978
0.147419
0.184552
1.04556
-0.97825
1.04237
-0.212637
-0.905169
0.458064
-1.20795
-0.286345
-0.976679
0.975279
-0.684151
0.68133
-0.938739
1.27975
-0.183209
-0.220651
-1.15915
-0.896033
-0.675253
-0.985511
0.402645
-0.844269
0.699627
0.963659
-1.18084
-1.27835
-1.57936
0.759119
1.17202
0.562779
-0.760664
0.055089
-0.703929
0.489075
0.585287
-0.684151
-0.500738
-0.635777
0.562085
-0.191774
-0.791908
0.770485
0.146291
0.372202
1.19792
-0.226838
0.49636
-1.03384
-0.941448
0.0640951
1.08734
0.640818
0.289496
-0.364774
-1.20856
0.957217
0.262949
-0.495816
0.715485
0.455633
-0.0822473
-0.312143
0.0947204
-1.06475
0.640972
0.337066
-0.664061
1.30473
0.817247
-0.457713
-0.634733
-0.871832
1.16761
-0.729184
0.803569
-0.76895
0.802215
0.0472853
-0.897044
-1.05811
0.540257
-1.32478
1.31384
-1.0429
0.796022
-0.800031
0.39105
1.31068
-0.494395
-0.00728258
-0.232621
1.0112
0.681748
0.0439835
-1.35126
-0.418408
1.36405
-1.59155
1.36452
-0.168183
0.653373
-1.19261
-0.410287
-1.48314
1.10349
0.3088
-0.810925
0.688498
0.141033
0.0619974
-0.222785
-0.543832
-1.01889
1.23005
-0.206399
1.84108
-0.653679
-0.528281
-1.27501
-0.862391
0.848377
1.14663
-0.35994
-0.420231
0.457711
0.247941
-1.17073
1.39196
0.512122
1.39258
-0.299937
-0.890672
-1.48769
0.805133
0.64445
-0.303923
1.18391
-1.22634
0.935315
-0.00254794
-0.888897
0.115468
0.837394
1.16574
0.516656
1.77843
0.489176
-0.548337
0.522864
-0.884272
0.937221
-0.457421
1.17668
-0.47744
0.964099
0.883238
-0.324258
-1.54164
-1.08904
0.353746
0.335454
-0.291576
-1.09408
-1.23404
-0.895444
1.13744
-0.538754
0.791641
-0.0589342
-0.508208
0.95364
-0.903649
-0.286504
-1.43902
-1.26661
-1.39745
-0.6087
0.548686
1.0512
-0.90754
-1.2727
1.56423
0.722302
-0.935079
0.862405
0.196904
-0.351601
1.11744
0.38648
1.1515
-0.558045
-0.79152
-1.62244
-1.23889
0.906007
-0.436713
0.716168
0.487396
1.5488
-0.406733
1.20572
1.48083
0.697759
-0.285357
1.19205
-1.49825
-0.174048
1.09988
-0.783075
0.725952
0.308157
0.184977
0.293279
0.939862
-0.78335
-0.325367
0.89618
1.39957
-1.58966
0.438915
1.16261
-0.993793
-1.01905
-1.05849
-0.245386
0.782104
0.724786
1.41221
-0.700426
0.785836
1.31154
0.0724605
-0.681876
-0.0615841
0.530078
-0.177313
-0.576828
0.23448
1.64914
-0.741016
0.554837
0.144431
-1.02093
-0.368055
0.458828
-0.941678
-1.00279
1.06899
-1.0235
1.45076
0.894338
-0.252805
0.500005
-1.36766
-0.34692
-0.931062
0.877886
-1.07267
0.796818
-1.19623
-1.04085
0.0812279
-0.0835699
-0.754451
0.570722
-0.818251
1.22999
-1.06658
0.892856
-0.782436
-0.236252
1.54805
1.03308
1.15547
-1.33428
-0.415086
0.954082
0.642971
-1.46953
0.825054
0.880382
0.744442
1.1571
1.25899
-0.813746
-0.021162
1.63992
0.822957
1.5931
-0.747023
1.06381
0.446875
1.75106
0.148853
-0.236442
0.629602
1.06937
-0.180678
0.759289
-0.737517
-0.778846
0.287369
1.16155
-1.25551
1.81167
-0.343664
2.05678
0.51516
-0.035805
-0.415219
-0.547206
-1.12051
-1.19078
-0.0241242
-1.0175
-0.9045
0.152369
0.176427
-0.113307
0.522091
-0.00260673
1.40556
1.51021
0.441811
0.955944
-0.583973
-0.896142
0.859233
1.09141
-1.02553
-1.15896
-0.554805
0.918451
0.386636
-0.102583
-0.574598
-0.9437
0.831336
0.529619
-0.739328
0.821171
0.676267
0.718458
-1.11864
0.903762
-0.752632
-0.0366402
0.93352
0.706976
-0.275751
0.353891
0.799976
0.192461
1.57357
-1.20629
0.803789
-0.797944
1.14269
-0.74813
-0.223608
0.564339
-0.921403
0.477193
-1.14166
0.0535649
-1.59832
0.0239478
-0.682316
-0.893823
0.67845
-1.43362
-1.11023
-1.26861
-0.846882
-0.171198
-1.19096
0.920998
-0.82437
-0.296391
0.86229
-0.838114
-1.30034
0.0862803
1.46604
1.40904
0.913557
0.593931
-1.34285
-0.742492
0.484395
-0.75423
-1.16041
0.194334
0.620037
-1.0834
0.0919011
0.911641
-0.90394
0.199115
0.360729
-0.786372
0.800336
0.213346
-1.2689
-1.64532
-0.725582
-0.854831
1.29346
0.876429
-0.546069
-0.651997
-0.107566
1.62326
-0.764981
1.05123
-0.154841
0.773721
0.624501
0.0855808
-0.568652
1.32422
0.316849
0.332807
-0.0500339
-0.189427
0.969553
0.389487
-1.12391
0.874723
0.89301
0.125087
-0.529303
-1.81226
-0.892159
0.169897
-0.661672
-0.279413
-0.963747
0.0835064
0.0290306
1.17808
1.04447
-0.0397932
1.1731
0.13511
0.737568
-1.3244
-0.854217
-0.947382
-0.716673
-0.367361
0.783233
-0.685833
-0.162745
-0.912907
-0.617189
-1.1054
-1.01515
-0.598103
-0.441985
-0.983402
0.114568
1.027
0.139651
-1.20739
-0.679003
-0.500109
0.623369
0.428145
0.391625
-0.133038
-0.152134
0.869519
-0.370617
-0.0320103
0.55325
-1.29959
0.00976919
0.458458
-0.966524
-0.519417
-1.29671
-0.0499921
0.211104
-1.53686
0.944593
-1.00201
-0.0492113
-0.541017
1.74128
-0.63844
-0.717895
-0.888158
-0.317423
-0.62024
-0.785616
0.965081
-0.837938
-1.68257
-1.13935
-1.30182
-0.955636
0.723368
0.321035
-1.43716
0.753837
-0.569752
1.25258
0.838315
-0.462948
-0.567048
-0.0196356
-0.970779
-0.782198
-0.707918
0.790482
-0.773842
1.17689
0.646517
1.46007
1.45443
-1.04242
-0.574158
-0.367503
-0.742896
1.22438
0.602213
-0.597936
-0.242429
-1.63537
1.20586
0.78831
0.625323
-0.282233
0.531324
-0.406788
-0.728446
1.09388
-0.124964
1.21891
-0.565679
1.10271
0.384395
1.2156
-1.0393
0.928622
1.35828
0.532777
1.35733
-0.445298
-0.534938
-0.183603
-0.84169
1.29379
-0.257511
-0.877285
-0.375616
0.137428
-0.996545
-0.326268
-0.96477
-0.930467
-0.488161
-0.021431
-1.38051
-0.649933
-1.53134
0.263168
-0.872792
0.116557
-0.845856
1.06602
-0.270018
1.22786
-0.506496
-0.499366
0.010122
0.836191
1.46155
0.30519
-0.586459
-0.888676
-0.527442
-0.218405
-0.477386
-0.550112
-0.748604
-1.20818
-1.40282
-1.13422
1.30589
-0.758872
-0.726129
-0.530951
-1.40516
-0.134235
-1.01045
-0.181188
0.773225
0.498394
-0.0859241
0.132744
-0.107355
0.575867
-0.643306
-0.725805
-0.829993
0.594627
-0.537125
-0.0681608
0.0854544
0.00471452
-0.565002
-0.94869
1.28166
-1.00031
-0.942471
-0.793641
-0.337408
0.578593
-0.267055
0.213068
-1.57013
0.461191
0.732533
1.74252
-1.1078
-1.748
0.93813
1.37752
0.2941
0.634727
0.779116
0.338756
0.871853
-1.13851
-0.977619
1.38238
1.42617
-1.225
-1.21642
1.71171
0.668029
0.528347
-0.798126
1.09486
-0.356984
0.137047
0.66887
-0.832299
-1.39857
-0.051463
-0.448858
0.946202
-1.34746
-1.5912
0.576735
-0.107599
-0.917139
-1.00563
1.21545
-0.201214
0.763247
0.490174
0.509841
1.43062
-0.965448
1.17946
-1.14852
0.976565
-1.15985
-0.157856
0.0464498
0.826429
-0.97724
-1.60809
-1.17182
0.0369978
0.822773
-1.6292
-0.052633
1.01302
0.341006
0.102065
-0.674043
-0.307299
0.0569332
0.987853
1.39828
-0.962939
-0.809181
1.25094
0.373032
0.995801
-0.124308
-0.110327
-0.425955
0.923706
1.24333
1.57147
0.986253
0.382774
-1.11656
0.1011
-0.582146
-0.804566
1.41414
-0.409103
-0.212176
1.30462
-0.365568
-0.410961
0.421833
-1.38337
0.46429
-0.668591
1.12788
0.9193
-1.09946
-1.14344
1.30389
1.08661
0.756906
-0.647285
-0.88813
1.01443
0.679892
-0.430184
1.14998
-0.296765
0.663429
0.768421
0.966952
-0.999194
-0.621873
0.976677
-0.85493
-0.829273
-2.17442
-0.817107
-0.310456
0.258931
-0.917305
-1.14544
-0.972092
-0.551423
0.132029
0.747916
1.23812
0.682677
-1.02519
0.745934
-1.17929
-0.88225
0.00920357
-0.577411
-0.799045
1.74584
0.978052
-1.05319
0.157911
-1.10369
-0.202143
-0.893621
-0.621649
0.509038
0.109712
0.907649
-1.1576
-1.03183
0.651509
0.595718
0.627943
-1.51722
-0.321079
-0.158474
0.295429
-0.865085
0.392524
-1.30584
0.672784
0.87263
-0.272706
0.354683
-0.924562
-0.207651
0.93411
0.135602
1.17026
0.723505
-0.852951
0.846407
1.15903
0.24458
1.27618
1.30356
-0.756459
-0.256459
0.0559124
0.894977
-0.184579
0.35136
-0.329637
1.29171
-1.0933
0.0497451
0.532127
-1.08283
1.14091
0.84069
1.34743
-1.29527
0.51255
1.04178
-0.73682
-1.01105
0.61746
-0.188573
1.28873
1.32727
0.960577
1.0801
-0.522844
-0.408927
1.23321
1.11173
0.818203
0.753137
-1.00459
0.913224
0.850816
-0.412746
-0.747206
-1.2667
1.51367
0.534934
0.731237
0.663121
-0.272797
0.944262
-1.39081
1.57252
0.445482
0.896531
1.05879
-1.01502
0.448638
0.783125
0.875159
-0.392191
-0.604125
-1.2245
0.200704
-0.184917
0.472039
0.404078
-1.25316
1.19973
-0.304857
0.349672
-0.966048
0.950115
1.37843
0.637525
0.481668
-1.15103
0.219438
0.0472756
-0.0400234
1.37868
-1.17555
-0.47418
-0.13836
0.346137
-0.398453
0.162477
-0.862421
-1.27787
-0.0909139
-0.96907
-1.11032
0.77899
-1.22421
-0.971474
-0.581009
-0.758042
-0.846688
0.560857
-0.653788
0.549028
-1.34861
0.83672
0.534655
1.52231
-0.161669
0.126032
0.0392555
-0.539334
1.04886
1.53468
1.17755
-1.18943
1.12278
1.19057
-0.529563
-0.851851
-1.15602
0.822651
-0.332345
0.944482
-1.02692
-0.0683835
-0.877454
0.367703
0.560593
-0.0531071
-0.0454098
-0.556234
0.605793
-1.41911
-1.15793
-0.374396
0.386224
-0.326938
-0.0232522
0.330631
0.405015
0.740118
0.47658
0.435006
1.39425
0.0904459
-0.684434
0.522171
-0.893422
-0.67955
0.614733
0.917194
-0.809643
-0.948316
-0.491427
0.614153
-0.213875
2.62642
0.135173
0.784222
-0.766088
1.45967
0.936095
-0.0671598
0.548345
1.13714
-0.364816
-0.614041
1.24159
0.0668306
0.964442
-0.660354
0.693665
-0.951818
-0.0362565
-0.456522
0.87246
0.00595348
0.996315
1.41498
0.307078
0.206972
-0.0413691
-0.119926
-0.300447
-1.3427
0.308904
1.72229
0.775635
1.07764
-0.152653
0.531796
0.573881
-1.60742
1.18856
-0.992024
1.13643
0.900571
0.383719
0.230993
-0.564949
-0.790714
0.703408
0.0911466
0.866346
-1.37162
-1.01031
-1.51811
-0.0368864
-0.612294
-0.98472
-0.67139
-1.39642
1.29124
-0.236706
-1.1444
-0.758927
-0.880692
0.985563
-1.42325
-0.747712
-0.708544
-0.402222
0.40733
0.821929
0.980976
1.66337
0.988888
-0.917682
1.2168
0.656572
-0.597296
-1.82114
0.49291
-0.436576
-0.781237
0.057452
0.315828
-0.0492478
0.105941
-0.894817
-1.46816
0.611186
-0.252461
-1.31361
1.16998
-0.659644
0.0147234
1.63743
1.255
-1.09102
-1.39097
-0.558457
1.03151
1.11511
0.54655
0.549857
0.566611
-1.07366
0.132956
-1.07781
-1.27324
0.887162
-0.81283
0.0325538
-0.491107
-0.525118
-1.59846
1.07238
-0.985294
-1.44743
0.183823
-0.0988534
1.11801
-1.8488
-0.509737
0.857893
0.269657
1.95797
1.11699
0.0662066
-0.516825
0.329218
-0.26114
-0.631532
0.835104
0.690343
-0.833653
-0.53169
-1.13792
1.73333
0.623186
1.52493
-1.11796
-0.779585
0.119291
-1.31806
0.530726
1.18142
1.11594
-1.41431
-0.321791
0.583578
0.179887
-0.223062
0.770776
-0.806439
0.254701
0.886671
0.882775
0.587844
-0.698409
0.52068
0.649358
-1.04652
0.207095
-0.869928
0.581493
-0.800573
-0.0176368
0.670231
-1.02061
0.817232
-0.94278
-0.29108
-0.779348
0.626491
0.807991
-0.838835
-0.426937
0.392595
-1.24852
-0.0919853
-0.111322
0.38004
-0.224472
0.550828
0.520739
1.12988
-1.40728
0.219505
0.415686
0.212282
0.648207
-0.33316
-0.463792
-0.915056
0.19082
0.85195
-0.184861
-0.590438
-0.266952
-0.94631
-0.135841
0.14167
-0.150064
1.02882
1.61584
0.666556
0.493852
-0.344118
1.53822
0.674135
0.0264353
0.801159
0.352532
0.172274
-1.23859
0.198972
-0.284376
-0.194652
0.797433
-0.528088
-0.258751
-0.720572
-0.208747
-0.854781
-0.126234
-0.0927703
-0.250393
-0.45835
-0.484283
-1.34835
1.19784
-0.128521
0.173112
-1.03409
1.37255
0.725541
0.7024
1.03263
-0.253256
-0.216842
0.324345
-1.11175
-0.375935
-0.79553
-1.08883
0.607634
0.169374
-0.112275
-0.0757014
1.30145
1.53062
0.030131
0.677033
-2.07095
-1.53861
-0.500273
-1.93835
1.02627
-0.902702
1.15795
-0.268056
-0.524135
-1.37924
1.28857
1.19953
-0.590474
0.413349
-1.32879
0.490109
-0.875729
0.275994
-1.04593
0.201246
-0.780587
-0.0900483
-0.641055
0.369483
-1.16479
-1.67563
-1.15255
0.936875
1.09902
-0.985603
-0.176253
-0.789494
0.919052
0.747751
0.930677
0.65156
-0.538642
-0.629915
-0.474165
1.31703
0.143739
1.90479
-0.876594
-0.344444
-1.20653
0.634022
0.793286
0.46385
0.940575
-0.24662
-1.02653
-0.0990643
-0.332487
0.945833
-1.27907
-0.922196
-1.72528
-1.36867
0.0712423
1.06266
0.715321
0.60671
0.585917
1.23862
-0.626026
-0.0210743
0.694202
0.151049
-0.315713
-0.108178
0.857899
-0.8374
0.101236
-0.413128
-0.0618505
-0.567576
1.09941
1.26422
0.0246234
0.909487
-0.6248
0.817175
-0.323884
0.84367
-0.355014
-0.751503
-1.04639
-0.468421
-0.822265
0.690291
0.337925
-0.634248
-0.978118
1.46433
1.06109
0.0860154
0.749167
-1.10276
1.01923
0.0893112
-0.584293
-1.42056
-1.48408
-0.759212
0.960523
0.151577
-1.01752
-0.522812
-1.39511
-0.0814901
1.05468
1.02315
-1.17461
-0.359727
-0.784103
0.491059
0.624241
-1.01973
0.731067
-0.195101
0.923503
0.383493
-0.276924
1.01335
0.195311
0.51933
0.972997
-0.386824
-0.987434
0.824949
0.739159
-0.131273
-0.136575
-0.708365
-0.463167
0.798242
1.83501
1.50293
-0.359967
-1.10044
0.505206
-1.25975
0.855586
-0.880048
1.29827
-1.05983
0.447802
1.15742
-0.753086
-1.00323
1.03456
1.52069
-0.82654
-0.655118
1.64241
0.0944871
0.839215
-0.29229
-1.34818
-0.595878
0.800543
0.629604
-1.82462
1.18732
-0.809593
0.263265
0.798645
0.365668
0.175873
-1.16779
0.89955
-0.598463
-0.60523
0.607934
-0.941137
0.964363
0.93262
-0.932493
0.679751
0.730687
0.418645
0.281803
0.890768
-0.981289
0.227091
0.830141
0.278248
-0.0868186
0.439054
-0.116095
0.271411
-1.54096
0.512539
-1.4821
-0.464363
-0.609864
0.0713524
-0.917596
-0.986664
1.66443
0.850498
-0.624566
-0.410018
-1.05566
1.32586
-0.201579
-1.07075
0.938195
1.88132
1.42652
0.566748
-0.934476
-0.994643
-0.0354959
-0.92847
0.53693
-0.187783
-0.162417
-0.726016
0.536485
0.438528
0.0235907
0.832884
-1.95499
0.424064
0.60297
-0.606363
-1.52172
1.39994
-1.307
0.104181
0.301662
-0.753115
-0.545186
-0.610351
0.83652
-0.842043
0.831475
0.513866
-1.073
-0.178416
1.55536
1.00411
1.13027
-1.07303
-0.882395
-1.05205
0.321577
1.36922
-1.01534
1.11026
0.726669
-0.193876
-1.11047
1.04555
0.806582
-1.61002
1.41752
1.24561
1.66201
-1.02456
-0.819226
-0.778189
1.34958
1.28617
0.690271
-1.28444
1.17197
-0.692342
-1.17769
0.602948
0.752787
-0.715433
-0.31413
0.667508
0.40618
-1.12978
-0.403015
-1.41546
-0.255887
1.19675
-1.38583
0.0952357
-0.487283
0.990093
1.18615
0.439303
1.52879
0.919079
-0.443971
-1.29232
-1.48813
-0.478548
-0.0294093
-0.506006
0.845701
0.636236
-0.78093
-0.111501
1.12832
-0.0154715
-1.13615
0.952768
1.05305
-1.42066
0.731643
0.959719
-1.452
0.426551
0.375832
0.00658479
0.267493
0.371729
1.12472
0.774975
-0.590772
-1.46089
-0.765047
-1.37508
0.740807
0.285662
-0.822986
0.629947
-0.726993
-0.320342
-0.141015
-0.941511
0.198428
1.48711
0.729989
0.696327
-0.274508
-0.278886
-0.546501
0.589622
-0.296863
-0.640701
0.678274
1.53438
1.00579
0.582145
-0.846043
-0.283464
-0.648634
-0.633319
-0.632221
-0.131796
-1.38378
1.08256
-1.11451
0.943307
0.301066
-1.51282
0.711228
-0.567095
1.16634
-2.0188
0.256194
1.08067
-0.100053
-0.435643
-0.22091
0.785312
1.1779
0.657776
1.57948
1.53722
0.298787
-1.2291
0.591566
-0.612497
-0.0175957
-0.902633
-0.318075
0.919109
0.162959
-1.06286
0.445691
1.02773
-0.532165
-0.114244
0.675
1.61511
0.314765
-0.0833081
1.21945
-0.877774
0.907503
0.977247
-1.20151
-1.03905
-0.272212
-0.187791
1.14796
0.384317
-1.05156
1.06769
0.73819
-0.684265
-0.220578
-0.439426
-1.49847
-0.496749
-0.556827
0.490038
-1.56345
0.520399
-0.608785
-1.27193
-0.82463
1.01105
0.504173
-0.305142
-1.51905
1.60811
0.834952
-0.145383
0.723842
1.06587
-0.953579
0.791597
1.63555
-1.16504
1.57852
0.274149
-0.502383
0.951042
-0.53547
0.714755
-1.01644
0.199401
-0.884033
1.15826
0.467779
-0.987316
0.122297
0.417822
1.01878
1.52666
0.814715
-1.10179
-1.60381
-0.105731
-0.887879
-1.25245
1.06865
0.399849
0.0346675
1.43459
-0.507409
0.747521
-0.821232
-0.296675
1.94275
0.209812
1.12369
0.224558
0.641881
0.622029
-0.387694
-1.00584
-0.841398
0.762744
-0.702125
-0.581365
0.707514
0.330169
-0.0999861
-1.10012
0.526112
-0.99869
-1.02914
-1.03689
-0.711571
1.11179
-0.567088
-0.60366
-0.630037
-0.406272
0.800811
-1.41163
1.18854
-0.951589
-0.921619
1.03881
-1.4142
0.83408
0.332495
-0.032046
0.65739
-0.957236
-0.0551266
1.3153
-1.2136
1.82548
-1.58837
0.393341
-0.176335
1.07652
0.753175
0.401147
1.29178
-0.49748
-0.276467
-0.735907
-0.493235
-0.916531
0.990598
0.512948
-0.226103
1.13054
1.05357
-0.714937
0.447761
0.269132
-0.0955064
-0.345715
-0.832464
-0.529816
1.05889
-1.61607
-1.07351
0.777006
-0.976642
-0.479851
-0.574343
-0.6109
-0.277877
0.0205382
-1.26317
-0.552844
-0.118074
-0.26547
-1.25316
0.513558
1.63504
0.468664
1.13586
-0.895599
1.47188
-0.142558
-0.368022
0.351125
-0.233333
-0.177919
-0.188403
1.40428
0.28799
0.996537
-0.0554959
-1.50202
0.494832
0.871695
0.78826
-0.671396
0.798156
-1.05862
0.0914253
1.02032
-1.1765
-0.86627
-1.00218
1.20294
0.877113
-0.893881
-0.860493
-1.04157
-0.436482
0.991798
-1.16165
-0.523641
-0.955312
-0.565441
0.0437977
-0.0240196
0.320396
-0.464788
0.769518
-0.0648838
0.702025
1.15361
0.884238
-1.9145
-1.2176
1.8988
-0.992462
1.53413
-0.0552786
-0.197257
-1.67996
0.738785
0.844834
-0.311489
-1.07677
0.907687
0.634515
1.09287
1.3401
1.36423
-0.750992
-1.46584
-0.817476
-0.40398
0.0693816
-0.280863
-0.430708
1.0598
0.545287
-0.762745
-0.140738
0.43064
0.585131
-0.889967
1.24128
0.101175
-0.796222
-1.32071
0.986231
-0.106131
-0.280159
-1.01986
0.231026
-1.26985
-1.03234
0.0633351
-0.204861
0.931925
-0.780852
-1.39627
0.550657
-0.882906
-0.858449
-1.33803
-1.3539
-0.105641
1.23763
-1.14986
-0.321705
1.02299
-0.684243
-1.23284
1.49774
0.407113
-0.928337
0.986319
1.24208
-1.03513
-1.2771
0.150518
-0.88272
0.921788
-0.0152303
1.2718
0.983456
-1.56258
-0.875425
1.06594
-0.27866
1.0612
-0.47424
-1.01169
-1.29245
-0.612077
-0.71775
-0.397012
-1.2205
-1.15463
1.42047
0.144969
-0.727995
1.35023
0.582859
1.15581
-0.59087
-0.956906
1.31866
-0.176093
-0.781253
0.806139
0.845266
-1.03335
0.591604
0.536374
1.08886
-0.978883
-0.759239
1.0717
0.610698
-0.460974
1.1672
0.607155
-0.000552337
0.990384
-1.1835
-0.419633
0.466095
0.169452
-0.479997
-1.28522
1.21865
1.04575
0.948947
-0.732879
0.857005
1.26662
-0.887701
-1.56863
0.997181
-1.10414
0.774142
0.390322
-0.828029
-0.864103
-0.590483
-1.70348
-0.80517
0.702669
0.0622916
-1.07627
-1.02474
0.945229
0.301116
-0.819407
0.471308
1.16045
0.0849265
-0.154466
-0.871025
0.357222
0.145193
-0.78322
0.140498
-0.194806
0.78578
0.596166
-0.60158
-1.55028
-0.680537
-1.28603
-1.19207
-0.547407
0.0606399
-0.099411
-0.606051
-0.81349
0.873522
-1.22967
-1.8244
-0.967643
0.766769
-0.369613
-0.486292
-1.28605
-2.07547
0.140567
1.58599
0.710162
-0.192388
-1.04675
-1.40719
-0.231962
0.84328
-0.943683
1.45146
-0.0808715
-1.43248
1.20142
0.506347
0.0461328
-0.492736
-1.44441
-0.365733
-0.895305
0.935366
-0.0842242
0.287579
-0.96999
0.867779
0.516164
-0.10898
1.0843
0.837239
1.27828
0.748535
-0.791306
1.15984
-0.490792
-0.116188
0.0370069
0.437966
-1.51912
1.3026
-1.06724
-0.878863
1.15661
0.589772
-0.443566
-0.115402
-1.07613
-0.512219
-1.14198
-0.758992
-0.93917
-0.0456274
1.41624
-0.209022
-0.51636
-0.807843
-1.19681
-0.428114
0.559384
0.911827
-0.0550046
-0.48939
-0.0980803
-1.14749
1.18587
0.414267
-0.654752
-0.522294
-1.26317
-0.30518
-0.159101
1.42777
-0.883568
0.299807
0.277441
1.29443
-0.0844342
-0.279049
1.1944
-1.13162
1.09327
0.453301
-1.05985
-1.43842
0.523902
-0.883067
0.732088
0.763126
-1.19258
-1.9378
-0.788467
-0.207809
0.280765
-0.297862
0.515338
1.46788
0.363939
-0.531099
1.04045
1.01122
-0.256989
-1.04722
0.756494
-0.510146
-0.55326
0.751278
-0.300415
1.21256
0.69009
0.799202
-1.12724
-0.540547
-1.45079
-1.05717
0.518511
0.117738
1.4139
1.15298
1.26032
0.966739
0.314509
0.52918
-0.530273
-1.05291
-0.0243585
-1.51639
1.08722
0.66162
0.750388
-0.304357
1.49521
-1.25892
1.27607
0.4127
0.757492
0.0050241
-1.19315
-0.741034
-0.496842
1.33177
0.193045
0.943038
0.823787
0.414941
-0.529221
-0.951429
-1.38251
-1.08456
0.240011
0.122068
-0.327739
-0.841434
-0.118833
0.0918705
-0.477283
0.982795
-0.980195
-0.621767
0.436793
-1.51642
-1.21414
-0.483041
-0.455681
-0.428012
-1.36609
-0.257806
0.581605
1.39445
-0.736665
-0.996669
-0.129748
-0.947041
-1.69341
-1.21021
0.87658
-1.2591
-0.811307
0.645651
0.144104
-0.219506
0.340263
0.638409
-1.55787
1.13003
1.0295
-1.4357
1.39424
-0.385121
-0.846703
-1.19492
-1.04728
-1.35939
-0.205243
0.635853
-0.571057
-1.13567
-0.699787
0.388179
-0.879328
-0.345205
0.821571
1.01278
1.17606
-1.13908
-1.08894
-0.983594
0.673598
0.7944
-1.2929
-0.636842
1.34697
0.227301
0.119061
0.784495
-0.517007
0.565782
-0.952007
-0.498077
1.08208
1.29741
1.40735
1.54493
1.46989
-0.34157
-0.195543
-0.0246579
0.865572
-0.523554
0.652095
0.945654
0.509559
0.0226329
0.202486
0.805135
-0.0924249
1.16869
-0.799197
0.340952
-0.910603
-1.64235
-0.826775
0.58823
-0.695232
-1.60078
0.307343
1.06123
-0.0176912
1.24269
0.0889724
0.295802
-0.46752
1.19799
-0.74929
0.279601
-0.960292
0.877117
-0.61603
-0.550457
1.23724
-1.21277
0.34462
1.07565
1.45308
-0.254789
0.761021
0.80865
-0.797995
0.700098
-0.605741
0.60582
0.917322
-0.507051
0.822281
1.44742
-0.496453
0.981001
-0.594666
-0.680912
-0.89539
-0.635429
0.620306
-1.46986
-1.00717
-0.78025
-1.40872
1.21249
-1.47443
1.25558
1.81017
1.11932
0.511686
-0.300686
-0.908881
0.872492
0.847196
1.00054
0.457746
0.742257
-1.26087
-0.748472
1.26701
-0.915105
0.473951
0.47183
-0.102785
-0.967345
-0.406432
-0.34402
-1.65211
0.354376
-0.405536
0.921277
1.15177
0.00998821
-1.01119
-0.738339
-0.657741
0.462302
0.952349
0.862965
1.29284
0.724261
-0.376094
0.0119166
0.971415
0.769583
1.10534
-0.487132
-1.00787
-0.746566
-0.416431
0.661324
0.754606
0.34905
-0.779514
0.326816
-1.49735
-0.505566
-0.568561
-0.16498
-0.899934
-0.665691
-0.0470805
0.863222
-0.749247
-1.09937
-0.643422
-0.898861
-0.136104
0.714088
-0.961035
-1.03355
1.16097
0.426241
0.10966
-1.3481
0.651985
-0.594814
0.274648
-0.353397
-0.872687
1.15819
-1.41013
0.960201
-1.50908
0.88838
0.211406
-0.253732
-0.777443
0.177794
-0.632423
-0.85108
-0.403828
0.0469191
0.704445
-0.721779
1.29816
0.0808709
0.803136
-0.597386
-0.0376708
1.46895
0.0446854
1.11924
-0.756433
-1.57342
0.677716
-1.41182
0.308464
-0.656975
-0.474248
0.792168
-0.0996837
0.905851
0.829559
-0.286525
-0.754151
-0.707988
0.140244
1.20206
-0.307847
-0.423519
-1.25045
0.292012
-0.869799
0.82695
0.134612
-1.07083
-0.611004
0.506461
0.311503
0.666939
0.668531
-0.48134
-0.638572
0.933481
-0.837209
0.915218
-0.324635
-0.428327
0.393124
1.09314
-0.0324506
-0.694136
-1.13794
-1.32537
0.411605
-0.883105
-0.128903
0.415301
-0.604952
1.63468
0.0672107
-0.230055
1.14919
-1.10412
-0.0840188
1.10761
-0.802769
0.625139
-1.49681
0.826776
-1.7269
0.964997
-0.821872
-0.292682
-0.541619
-0.591892
-1.05517
1.2847
0.981196
-0.88264
0.281158
0.117699
0.913834
0.886785
0.524489
-1.0542
-0.507921
0.940109
-0.393109
-0.325154
-1.05805
0.818874
-1.49455
-0.798556
0.188278
-1.34687
-0.38864
1.46081
0.70659
1.35792
-0.659936
-0.362254
-0.950061
-0.808083
0.0149564
0.51308
0.196479
-0.0993573
0.501777
-0.444324
1.44735
1.01923
1.16925
-0.157894
0.568241
-0.286186
0.980924
-0.445184
-1.81414
-0.84692
-0.450195
-0.391311
0.648974
0.911574
0.533174
-0.0682184
-0.0356256
0.840034
-1.54196
1.31594
-1.08048
-0.766224
1.2924
-1.24877
-0.865953
-0.0250161
0.441968
-0.580209
0.549276
-0.46099
1.0515
2.23281
0.906167
-0.426978
-0.658798
0.958503
-1.18326
-0.61049
-0.476815
0.651219
-0.625014
0.907235
0.545039
-0.751361
-0.2582
-0.523675
-0.667981
1.19902
1.28259
0.705623
-0.717515
-0.705524
-0.759389
1.82418
-1.30894
0.198499
0.510373
0.554607
-0.0312066
0.0286174
0.874777
-0.984229
-0.4006
-0.201798
0.267508
-0.471739
1.24628
0.202165
0.249021
-1.20001
-0.793277
0.292646
-1.20915
1.29153
0.834932
-0.431028
-1.06735
-0.398419
0.307403
0.417641
-0.603579
-0.313127
-0.923416
-0.720543
-0.787277
0.111559
0.387093
0.573401
0.959835
-1.13754
-1.30687
0.675672
-1.28118
-0.0713132
-0.541528
-1.54315
0.0747428
0.947132
-0.444076
-1.04406
0.471885
-0.261544
-1.63304
1.35277
0.947849
0.962327
-0.984809
0.165338
-1.09456
-0.994035
1.23775
1.2295
-1.34858
1.13104
0.968064
0.38968
0.87401
0.506688
0.0132135
0.00849087
-0.492564
-0.675233
-0.659713
-0.496629
-0.631834
-0.394319
0.837884
-0.430477
0.463441
-0.634429
-0.500722
-0.63671
-1.13852
-1.37091
1.26752
-0.579188
0.668201
1.30874
0.452137
1.14403
0.723522
-1.04046
0.858912
-0.178593
-0.435275
0.822392
-0.0454158
-0.0500602
0.637982
-0.845094
0.345802
-0.293124
0.596047
1.15243
-0.944319
0.228927
0.126104
-0.577516
0.354217
1.5151
-0.553802
0.724376
-0.184931
1.45508
-1.15458
-1.02235
0.857085
-0.124747
0.0283547
-0.559768
-1.12938
0.232666
1.18392
0.421261
0.40907
-0.423238
-0.317405
-0.272938
1.15191
0.660961
0.552848
0.545314
1.07522
0.79734
1.40576
0.0831481
0.979003
-0.965814
-0.0999031
1.2153
0.807966
-1.07024
-0.147265
0.0944667
-0.490574
-0.506015
0.31014
1.10952
0.58468
-1.51332
0.18776
0.971727
0.115289
0.771158
-0.242487
1.01085
0.0736155
-1.5585
-1.10194
-0.321648
-1.51634
1.0288
-0.495956
-0.42569
-1.31012
-0.175799
-0.816298
0.940522
-1.51594
-1.14545
0.190708
-1.03046
0.0401828
1.29785
-1.32214
-0.519256
1.21362
0.479127
-0.036836
0.912952
-0.934308
0.642464
-0.529376
1.22664
-0.206794
0.0241905
1.21961
1.0344
1.0182
-1.06189
1.03476
0.997258
-0.856783
-0.95012
0.816743
-0.847145
0.688058
-0.914201
-0.355929
-0.0117314
-1.07676
-1.33928
-0.276005
-0.856663
-1.69178
-0.721529
1.28734
-0.119421
1.54139
0.823419
0.168642
1.05292
0.827212
-1.6237
-0.0904503
-1.56423
0.765857
0.772823
0.597725
-1.32816
-0.677702
-1.72511
-0.135201
-0.227367
0.236674
0.777781
1.28249
-0.837588
0.92421
-0.843487
-0.0784661
0.0724499
1.24183
1.12872
-1.0021
-0.714893
0.687243
-0.692632
-1.02707
0.804502
0.667832
0.95342
0.679108
-1.32084
-0.90477
-0.562417
-0.148079
1.20101
-0.914411
0.698962
-0.0359146
-0.665861
1.04245
-0.822148
0.934769
-0.0420275
-0.469455
0.184426
1.10432
-0.806705
0.220213
1.30645
-0.0644876
-1.05253
-1.27456
0.796988
0.663077
1.32001
-0.589661
-0.128902
1.22296
0.000290807
-2.33601
1.0319
1.25834
0.606634
0.713161
-0.0891104
-0.498269
-0.43777
1.04112
0.392723
0.903836
1.09626
0.675963
0.33398
-1.63975
0.571916
-0.0047289
-0.252715
-0.445006
-0.119758
-1.11676
0.140922
-1.14347
0.857614
-0.151453
-0.0884969
0.0338664
-0.31357
0.0198193
-0.893933
0.656345
0.39731
-1.16938
1.50014
-0.787396
-1.34324
1.76373
-0.811833
-0.834524
1.3174
1.21951
1.12791
-0.575668
-0.851539
-0.35181
-0.598346
-0.602073
-0.773538
0.13486
-1.56207
1.11959
1.38087
-1.82802
0.643678
-1.39339
-0.258824
-0.680261
0.75573
-0.0038506
0.708903
-0.975536
-1.09603
0.118297
-0.0637451
0.93398
0.328165
-0.985796
-0.588691
0.644302
0.590798
0.443379
0.0945377
-0.972915
-0.479929
-0.944168
-0.477121
0.861245
-0.892464
-1.37661
0.419361
-1.50222
0.65498
-1.003
1.31962
-0.453621
-1.16818
-0.905757
0.276901
-0.778018
-0.531766
0.491472
0.166787
0.219012
0.548851
0.980924
1.16366
0.0936552
0.236167
0.388028
0.878406
-0.934023
0.911877
-0.0328212
-0.710719
0.562075
-1.59505
-0.386419
-0.0960481
0.876442
0.759576
0.232864
0.43146
-0.816072
0.840091
0.596806
0.727661
-0.168002
-0.350154
1.333
-0.480058
-1.40435
0.550248
0.727301
1.26269
0.579888
0.320341
-1.03648
-0.928257
-0.531791
0.949588
-1.43517
0.423555
0.876018
0.391247
1.04569
0.504283
-0.0370591
1.04138
-0.800486
-1.38502
-1.61615
0.42041
0.475333
-2.00409
-0.0481351
1.37724
-0.585169
-1.00577
-1.67804
-1.36287
-0.59534
-0.454102
0.0402216
-1.24261
1.74364
1.36832
0.218848
0.329682
-1.24028
-0.115239
0.165181
-1.21996
-0.947752
-1.10661
0.907448
-1.03034
-0.614954
-0.57154
1.02301
-0.555135
0.988066
-1.11818
-1.21049
0.830684
-0.522365
1.32904
-0.327423
-0.120061
0.059903
1.70324
-1.19463
0.432378
0.59959
0.230951
-0.15445
1.15983
-0.783506
-0.26331
0.103914
-0.981723
-0.0241789
-0.562748
-0.680672
-0.845059
-0.0830825
0.902919
-1.19147
-1.15319
0.345427
0.756582
-1.41925
0.833521
-0.107395
-0.670697
0.588574
-1.12005
1.30257
0.819168
-0.68257
-0.898653
-0.774293
-0.0456659
-0.938974
0.0792302
-0.903315
-0.896318
0.823543
0.612559
0.267068
-0.499221
0.693337
0.832535
0.766492
-1.00974
-0.812806
-0.103205
1.1368
-0.68031
-0.57495
-1.19987
1.15521
-0.345006
-0.799448
1.40452
1.96093
0.958047
0.806798
-0.298206
1.38738
1.08979
-0.0745827
1.05772
1.70367
0.564395
0.127331
0.0738786
1.11049
1.0122
0.681022
-1.33411
1.1969
0.413963
-0.642397
1.13213
0.779062
0.74339
0.825948
-0.857636
-1.64147
-0.820824
1.29798
0.303581
0.128166
0.375125
0.66942
-0.49715
0.382998
1.0676
-0.7396
-0.361431
0.651602
0.910306
-1.26471
-0.611246
-0.548401
0.708613
0.328972
0.168657
1.26732
-0.924795
-1.19962
-0.490296
-1.03798
0.844879
-1.21902
-1.49686
-0.718826
-1.18709
0.961766
0.996297
0.439594
-0.707971
-1.63428
-1.21284
-0.878904
-0.935327
0.82478
0.567237
-1.35072
-0.908136
0.494033
1.18489
-1.33731
-1.06325
1.9293
-0.429813
-0.819546
1.03674
0.372971
0.712766
0.0724863
-0.506266
-1.15933
-1.12535
-1.46973
-1.78021
0.681553
1.67163
0.162888
-1.08574
0.527198
-0.726792
0.40496
-0.67244
-1.17121
0.499956
-0.67062
1.01031
0.560251
0.890534
-0.344989
-0.112488
0.445077
-0.663088
0.655449
-0.564662
-0.796167
0.867321
-1.08004
-0.00824454
-0.713622
1.2353
-0.10831
-1.15334
-0.647708
1.25839
-0.833906
-0.9712
-1.3684
-1.08049
-0.708102
-0.965828
-0.894985
-0.847511
0.539341
0.535477
-0.938579
0.965163
-1.22609
-1.03098
0.462221
-0.303253
-0.937968
-0.778248
-0.523229
1.0669
0.452155
-0.103531
-1.74735
-0.397387
0.803802
-0.473898
-0.182285
0.729455
0.503471
-1.00294
-0.807006
-0.0979461
-1.23021
0.319122
-0.201382
0.656155
1.00091
-0.567548
1.28411
1.1143
0.832722
-0.54906
0.85442
1.18341
1.04858
0.0731227
-0.690446
-0.683214
1.24316
-0.407939
-0.349311
0.60291
0.243754
1.48601
-1.31788
-1.02607
1.13209
-0.338015
-1.33823
0.390549
0.635368
-1.36323
0.234763
-0.766462
1.07345
-0.545674
-1.04062
-0.656833
0.614635
0.561835
-1.2241
-1.20362
0.576085
1.1088
-0.612851
0.394492
-0.875651
0.881822
-0.589019
0.396396
1.43011
0.795923
0.395422
-1.10726
0.0249506
-0.233888
-1.32373
1.23416
1.0448
0.819733
-0.751073
0.0194207
-1.23762
0.0629021
-1.01029
0.278243
1.13843
0.376969
-0.950164
0.946282
1.50495
-0.705087
0.160028
-0.041102
1.26948
-0.555584
-1.19534
0.531279
0.483407
0.4411
-0.178363
0.115817
-0.5965
0.504348
-0.301969
-0.313339
-1.43102
0.78294
0.874458
-0.629785
-0.289164
-0.620863
-0.312246
-0.599895
-0.577209
-0.561767
-0.947841
-0.324269
0.336917
-0.222003
-0.211898
1.14042
-0.611535
-0.0588286
-1.07069
0.165947
-0.278133
-0.478299
-0.609212
-0.0277578
-0.232783
-0.964438
0.937981
1.05758
-0.00886492
-0.797691
0.334696
1.06567
0.703313
-0.991431
0.835901
-0.732689
0.320477
-0.674701
-0.390385
-0.0972091
-0.935
0.967653
1.26832
-1.00639
-0.610097
1.68093
-0.253831
0.534092
0.81644
-0.354693
-1.10796
0.568256
-0.212776
-1.00633
-1.08669
-1.17518
0.912487
0.961613
-0.488227
0.537595
-0.781472
1.35388
0.55576
-0.678766
0.548329
-1.25165
-0.80409
-0.0798618
-0.143067
0.554591
-0.100419
1.75022
0.747951
1.71506
0.941843
-0.421154
0.263282
-1.53853
-0.465992
0.714182
0.57768
0.643509
1.9334
-0.990911
-0.617663
-1.35132
-0.735179
0.6023
0.816883
0.191297
-1.02733
-0.584529
0.297705
0.701687
0.951949
-0.923061
-1.01162
0.720846
0.382716
-0.575319
0.448569
-0.102037
0.823407
0.408079
-1.33814
-1.45585
0.834769
1.01019
1.26044
1.3779
0.595998
0.6149
0.0666457
-0.618893
0.847875
0.906825
-0.442194
-0.818116
-1.04903
-0.744291
0.220581
0.905077
0.190346
-0.715498
0.357065
0.0176434
-0.252932
0.515123
-0.553749
-0.291783
1.21623
0.00141755
-0.886994
0.0874476
-0.25057
-0.000264726
-0.394342
-1.2082
-1.04674
-0.75701
0.426681
-0.669438
0.45609
0.961785
-1.09107
-0.068953
-0.315691
0.299724
0.708305
0.687156
-0.174378
1.2464
0.126219
1.25288
-0.803938
0.389606
-0.0196354
-1.13712
-1.06696
-0.933989
1.14177
-0.378142
1.18029
-0.31027
1.14471
-0.134094
-0.734582
-0.995758
1.09852
1.02905
0.982721
1.56241
-0.0837206
-0.425399
0.425897
0.609926
-1.11078
-0.961681
0.0240744
1.12611
-0.321624
-0.65941
-0.828837
-0.555324
0.556766
0.904533
-0.021193
-0.17485
0.296058
-0.294562
-0.41415
-1.22839
0.485201
1.33893
-0.16023
0.661797
0.413922
-0.325503
-0.998414
-1.5425
0.419555
-1.27786
1.21173
-0.167085
0.904
-0.686953
1.02848
0.897438
-0.308804
0.556089
0.218933
0.512635
-0.952567
1.03558
-0.889582
0.471013
-1.05171
-0.297077
-1.53331
-0.332919
-0.320037
1.52642
0.934094
1.06317
0.364499
-0.52981
0.856483
-0.0219912
-1.3145
-0.701199
0.0880265
0.386068
1.06288
-0.572125
0.425941
0.110157
-0.526761
0.384727
0.90869
-0.26793
-0.627395
1.13516
-0.777226
-1.26284
-1.37509
0.567775
0.356611
-0.768375
0.701094
1.08032
0.92413
-1.16902
1.10806
1.12967
0.967723
-0.539613
0.592752
0.185717
0.249092
-1.14079
-0.154638
-0.117156
-0.994353
0.187543
-1.43235
-1.34702
1.92481
-0.749809
-1.05737
-0.318937
0.61228
-1.24098
0.0487447
0.446732
-1.42685
0.958133
0.436782
0.574973
-0.967923
1.82678
-0.387395
1.18692
-0.375453
-1.36227
1.03939
-0.775547
-0.919106
-0.959141
0.501034
-1.27804
1.16168
-0.193359
0.101602
-1.33367
1.16203
0.15872
0.713391
1.37923
0.0911724
0.107077
-0.61514
0.515801
0.288736
-1.06399
-0.706819
-0.59927
0.788439
0.174879
-0.986905
-0.774911
0.0285044
1.06658
-1.30279
-0.0636016
0.324866
0.561987
-0.522578
-0.950414
-1.04254
0.803976
1.45594
-1.06833
1.41884
1.05402
-1.52567
0.841339
-0.383208
-0.386651
-0.545428
-0.713758
-1.19348
-0.077871
0.607229
-0.0201801
0.753377
0.758395
0.449435
-0.81884
0.374382
0.516283
-0.884633
-0.258349
-1.60563
0.987846
-0.559318
0.874903
-1.19838
-1.52273
1.20795
-0.423304
0.0223701
0.648952
-0.320951
-0.608688
-1.05692
0.348234
1.69924
-0.289405
0.684696
-0.202063
-0.367584
-0.678376
1.09272
0.744581
0.15359
-0.50776
-0.90205
-1.03561
0.342443
-0.455438
-0.422625
0.877014
1.80677
-0.387154
-0.98504
-1.16716
-1.36375
-0.427381
1.21654
1.04325
-0.217452
-0.419516
0.894849
-0.238963
0.785001
0.0303264
0.980783
0.552792
-1.74463
0.671134
-1.98789
-0.742589
0.629742
-1.01264
-0.14436
0.997749
1.32327
-0.903509
-0.904243
-1.24656
-0.913368
-1.15491
-0.804715
1.34338
0.462624
-0.72709
0.647839
0.220099
-0.710646
0.174428
0.0470393
-0.456351
0.758491
0.761116
-0.638087
1.08052
1.08618
0.636024
0.867536
1.13223
0.690266
0.750682
0.396213
-0.357393
-0.15877
2.45434
1.38007
-0.194418
1.01016
0.672746
-0.959291
-1.10046
-1.69692
-0.0475025
0.564302
-0.270938
0.559646
0.384579
0.798904
0.313164
-1.02151
-1.19629
0.809671
0.0745108
0.622381
0.48637
0.228513
1.13817
0.834364
-0.335985
0.0140101
0.695367
1.16057
-0.333704
0.855159
-0.885003
1.02151
-0.761487
-1.10764
0.0988643
-0.893842
1.43916
-0.236163
0.530255
-0.504685
0.690606
-0.466655
0.927876
1.46982
-1.20706
-0.384727
-0.78543
0.761444
0.999126
-1.67912
1.01747
0.578382
1.30224
-0.783589
-0.368724
0.584845
-0.0552701
1.12598
0.46961
0.424727
0.900419
0.585659
-0.614611
0.00910215
-1.09534
0.498706
-0.97168
0.181875
-0.258562
-1.26891
0.490075
-1.13311
-0.36172
-0.0158347
1.02484
1.34481
0.741977
-0.961093
-1.55441
1.0887
-1.31516
-0.811028
-0.196242
1.07645
0.275396
-0.526994
-0.626549
-1.54141
0.182715
1.15782
-0.907736
-1.36268
0.693084
0.85694
-1.25498
0.690932
1.00034
-0.14691
-0.318701
-0.983748
0.0331
0.573778
0.167098
0.706941
-1.22835
-0.728278
-0.178125
1.14232
-0.417095
-0.460468
-1.01903
0.983274
0.87064
0.34864
1.64707
0.758304
1.39346
0.78883
0.281759
1.07941
-0.634743
0.0701182
-0.00441678
-0.214705
-1.08325
0.769339
0.921081
-0.6642
1.51082
-0.704413
0.125402
1.10037
0.0853812
0.211965
1.36874
0.00566108
1.40472
-0.836576
-1.30485
-0.657093
-0.0733903
-0.70258
-1.44423
-0.629258
-1.1813
0.662099
-1.02206
0.140724
-0.46627
0.670817
0.259055
-0.138848
-0.637296
-0.580624
0.306
-0.678832
0.0140732
0.595929
0.632109
-1.4685
0.318327
-1.14663
0.0129888
0.845123
-0.984383
1.10461
0.790234
0.191861
0.869633
-0.947762
0.500389
0.674546
-0.577334
-0.19222
-1.40361
-1.30629
-1.33454
0.627908
1.17887
1.08849
-1.16671
-0.972589
0.626069
-0.980711
0.294941
0.409529
0.632363
-0.403854
0.206171
1.79688
-0.170386
-0.474928
1.28433
-1.0568
-0.123009
-0.773242
1.22688
0.339671
0.728177
-1.21113
-1.492
-1.06269
1.96328
-0.226842
-0.468082
1.34531
0.703594
0.777877
0.676011
1.17566
0.687197
0.126665
0.604104
0.943558
-0.165015
-1.48422
1.76552
-0.504152
-0.141601
-0.675105
0.689531
-0.546482
-0.593026
-0.971086
-0.0267993
-0.618292
-1.14963
0.369186
1.23106
-0.177226
1.0487
-0.425913
-0.917054
1.00462
0.282228
-0.512088
0.571012
-0.245037
1.14515
0.683169
-0.815166
-0.18252
0.134886
-0.279222
-0.0539019
-0.593228
0.921902
-0.288803
0.579686
0.917413
0.647363
-1.14642
0.215938
-0.851297
-0.812754
0.150351
-0.633953
-0.289114
-1.16975
-1.81557
-0.562397
1.29328
0.676684
-0.811134
-0.567846
1.18156
-1.4185
0.341879
1.32363
0.198619
-0.111802
0.414701
0.208168
0.0802783
-0.540703
-0.569846
-0.606402
1.66937
0.770727
1.07923
0.457338
0.658894
0.722819
0.851364
-1.35839
-0.720929
0.591252
0.13477
-1.2107
0.112037
0.563594
0.320518
-0.535264
0.838105
0.0925148
1.2996
-0.190774
-1.77005
1.30245
1.32784
-0.0773803
-0.465828
1.07464
1.00994
-0.718487
0.504293
-1.41187
0.611727
0.832688
-1.37624
0.895417
0.728318
0.843477
0.842285
-1.41952
0.532327
-0.602557
-0.41082
0.625844
0.997435
0.654176
1.16274
-0.2725
0.928135
-1.01691
-0.610911
-0.650775
-0.0184601
-0.461248
-1.03789
0.381366
-0.0589889
-0.184111
-0.131434
-1.29995
-0.988609
-0.236282
-1.09307
1.26607
1.28282
0.5784
0.12446
-0.290372
1.1452
0.502857
1.01672
-0.948685
0.274503
-0.631646
-0.936516
-0.877784
0.53271
-0.202376
-0.160196
-1.19404
-0.401572
-1.04036
0.2781
1.04121
-0.849721
1.16856
-0.462329
1.26736
0.936689
-0.112765
-0.996882
1.05685
0.398304
0.935236
0.596554
1.30583
-0.374223
-1.03573
-0.415626
1.24376
-1.0392
-1.42721
0.564249
-0.972954
-1.11516
0.831625
0.874713
-0.166298
0.55249
0.0483327
1.07502
-1.11899
1.67419
-1.31856
-1.05318
-0.279271
0.772471
0.0907972
-0.414932
-0.351517
-0.866234
-0.101593
0.748294
-0.850452
0.654957
-0.854111
-0.550991
0.68754
0.710487
-0.445474
-0.343446
-0.224223
-1.45789
0.309991
-0.427699
-0.236486
1.29657
-0.198221
-0.629069
-1.16256
0.893874
-0.525801
-0.376338
0.863358
0.575213
-0.162807
0.791688
-1.17212
0.955562
0.474904
-0.429434
-1.18559
0.459524
0.821997
-0.180035
-0.332982
0.650189
1.37207
-0.912889
-0.536687
-0.966597
1.17075
-0.412052
0.510241
0.287848
0.941626
-0.318749
1.35328
0.469902
0.190976
-1.9783
-0.0801105
-0.918729
-1.52863
0.690467
1.15472
1.1548
1.21608
-0.594963
-1.04141
0.898801
-0.00976817
0.261974
1.18245
-0.655732
0.57295
1.32273
-1.01953
1.26414
0.553338
0.203342
1.35891
-0.63329
-1.40722
-1.11146
-1.74666
-0.427993
-0.901721
-0.282868
-1.45963
-0.241707
-0.113997
0.26876
1.22005
-0.576115
0.152953
-0.569922
-0.340478
-0.862946
0.893256
0.860405
0.145334
0.107191
-0.901877
0.529848
-0.384504
1.1449
-0.703923
-0.625409
1.57893
0.256585
-0.926561
0.125116
-0.613932
-1.16364
-0.10208
0.691647
-0.684659
-0.614563
-0.807907
-0.637439
-0.951281
-0.593876
-0.642577
0.762884
1.34807
-0.251162
-0.285408
-1.43362
-0.856237
0.934747
0.711818
-0.267378
1.27836
-0.26048
-1.00051
0.750248
-0.093189
0.0339379
-0.658794
-1.11305
-0.183259
1.00814
-0.955089
0.915938
-0.344137
0.774093
-0.939468
-0.726992
1.28097
0.197463
-0.394044
-0.443751
-0.0543837
0.927219
0.332468
1.73443
2.28449
-1.55058
0.697574
0.754639
-0.526878
-1.17785
-0.962949
0.68674
-0.867868
0.434179
1.12581
0.856757
0.556424
-0.0874018
-0.934479
0.323945
1.30668
-1.79837
-1.1828
-0.973455
1.03551
-1.03458
-1.26923
0.231078
-0.640313
-0.584961
0.150698
1.6515
1.65107
-0.692275
1.15562
-0.120728
0.539743
-0.640309
0.626186
0.693553
0.174613
-1.23506
0.257872
0.672437
-0.102891
-0.17379
0.934088
-1.25322
1.18341
-0.555743
-1.42816
-0.188781
-0.381857
0.537975
1.04954
0.263684
0.952364
0.995939
-0.947551
-0.568141
-1.18673
0.542483
-0.0497267
1.15892
-0.0739115
1.23118
0.744792
-1.12832
-1.04624
0.373697
0.0099622
-1.09963
-1.19645
-0.0457508
-0.381429
-0.67618
-1.21454
-0.975909
-1.02733
0.210772
-1.64423
0.686269
-0.0936544
1.07411
1.10943
1.33659
-0.6003
-0.512699
0.473032
0.100277
-1.81578
-0.352664
-0.504746
0.0859576
0.862425
0.197549
1.36445
1.37398
-0.384203
0.860504
-1.21409
0.353617
-0.903089
1.23492
0.00284388
1.05853
0.879397
1.02691
0.544936
1.45319
-1.02396
1.11051
1.38567
-0.554175
-0.439196
-0.688575
-0.889161
0.484626
0.959159
1.44225
0.736235
-1.84132
-0.338153
1.06124
-0.24901
0.963105
-1.45317
-1.20484
-0.892212
0.177871
-0.91027
0.0414791
-1.01757
0.644978
1.03696
0.59265
-1.09677
0.454812
-0.616905
0.298014
0.941867
-0.513584
0.398603
0.267756
-0.195033
0.94755
0.291516
-0.399571
0.172643
0.435177
-0.381642
-1.07704
1.19472
0.630452
-0.779628
0.160364
-0.624945
0.56402
0.631943
-1.25511
-0.270419
0.28471
0.043713
0.19273
-0.224689
-1.24698
-0.867176
0.590483
-0.966392
-0.746322
-0.72897
-1.43998
0.15108
0.146657
0.89653
-0.223313
-0.0318961
-0.907731
-0.0970722
-0.0576867
-0.567568
0.306265
0.184977
0.927413
0.756239
-0.46123
0.82523
0.274052
0.715387
0.555171
-0.835161
0.546754
-1.8668
1.50592
1.74631
-1.3654
0.801629
-0.734604
0.277249
0.653375
0.447751
-0.934017
1.08209
0.0299437
0.288161
-0.74336
-1.11001
0.357505
0.352136
0.940097
0.504926
-0.626501
-1.32778
-0.73767
-0.851128
0.807782
0.232501
-1.49415
0.704083
0.152915
-0.164141
0.201082
0.0701098
0.39955
0.657044
0.492097
1.67023
-0.408968
0.291479
0.133312
-0.695009
0.934604
1.34593
-0.846345
0.783443
1.4722
1.40256
-1.17034
-0.811001
-0.239948
-1.06756
-1.31847
-0.530377
0.274779
-1.16668
-0.601687
0.690065
1.04649
0.634966
-1.13649
-0.466711
0.407933
1.22101
0.842906
-0.176103
1.78658
0.507525
0.667785
-0.0185992
-0.667916
0.654914
-1.6722
-0.618583
0.303895
1.26866
-1.09715
0.188959
-1.28949
-0.239245
0.243753
-1.08256
0.604794
-0.631117
-0.915502
-1.41911
-0.622645
-0.850342
-0.640267
1.41803
-0.957972
-0.585992
0.441588
0.110287
-1.29675
-0.858914
-1.06965
-0.0778382
-1.01044
-1.00824
0.759965
1.39862
0.761891
-1.05401
-0.751507
-0.419028
-1.35368
-1.22873
0.554239
-0.809131
1.0915
-0.948806
-0.858713
1.1389
0.36628
1.79035
-0.611845
-0.441621
-1.286
-0.219062
-0.831715
-0.67132
0.440332
0.707948
-0.119009
-1.37456
-1.40889
0.644907
-1.64371
-0.879053
-0.103385
-1.59957
-0.507048
1.10803
0.577866
-0.0430483
0.639131
-0.962666
1.44401
-0.86211
-0.491509
0.966705
-1.01397
-0.830266
0.801825
0.185641
1.44375
-1.13901
-0.736
-0.377969
0.792618
0.688819
1.26886
0.263932
-0.587821
-0.99785
-1.27788
-0.721148
0.492679
0.106195
-0.909179
-0.71584
0.760754
-0.872202
0.467893
0.810745
0.336195
-1.33877
0.238722
-0.637073
-0.923438
-1.1002
-0.0897297
-0.401664
-0.839675
0.365346
0.408851
-1.17722
0.553693
0.68586
1.46294
0.459528
0.886205
-1.16265
-0.489574
-0.0681231
-0.0141524
-0.539622
0.552686
1.40684
-0.183841
-1.52358
1.68921
0.749324
1.17297
1.27962
0.125061
-0.728755
-1.05629
-0.588058
0.453136
1.02522
0.977041
0.865432
-0.64728
0.745885
1.11981
0.409862
0.874238
-1.38229
0.669447
-0.581095
0.140933
-0.507112
-0.565128
0.539956
0.564652
-1.04898
1.12207
0.94926
1.36775
1.00164
-0.395999
0.476706
1.25469
-0.152439
0.262575
-1.19579
-0.398167
1.33165
-0.952942
0.287932
1.37532
0.61674
0.313794
-1.24072
1.05251
0.275605
-0.644267
0.0459115
-0.39305
-0.044622
0.723052
-0.991191
-1.21112
0.556841
0.344619
0.0843813
0.548826
0.395757
-0.782638
-0.857493
0.444577
-1.03699
-1.49135
-1.06753
0.782345
0.755126
0.637476
0.0430846
0.458775
0.781198
-0.611623
-0.343524
0.419752
-1.20647
-0.19392
-0.204976
-0.275724
1.27668
0.00218369
-0.867494
0.0652674
-0.799878
1.00448
0.295364
0.778971
0.31019
-0.650947
-0.55309
-0.524753
-0.501022
0.521364
0.71203
0.731816
0.791803
-0.495255
-0.914641
-1.12963
-1.24201
0.721434
-0.57502
1.90571
0.458576
-1.49815
-0.539726
-0.802918
-0.717571
-0.573275
0.469437
0.867048
1.63409
0.495643
-0.641167
-0.321823
-0.278906
0.762005
-0.98054
0.653822
-1.17084
-0.61526
-0.354525
-0.506961
0.29071
0.403307
-0.914166
-0.701622
-0.505847
-1.0088
-0.564099
-1.21522
-0.668524
0.556904
0.784979
-1.20246
-1.23374
1.06618
-0.750057
-0.54915
0.67555
-0.869897
0.514944
0.844823
-0.712522
0.826648
-0.691291
-0.74482
0.787656
-0.969412
0.632704
0.814843
0.724075
-0.455916
-0.0212381
-0.656403
0.807248
1.53708
0.668205
-0.557627
-0.256664
-0.0889627
-0.752292
-0.331659
-1.16646
-0.820524
0.49134
-0.612588
-0.831742
1.42915
-0.351046
0.121544
1.39289
-0.881257
0.0862105
0.529043
-0.777456
0.629194
-0.75919
0.144569
0.961312
-1.19786
0.41824
-1.16606
1.46141
-1.04614
0.489558
-1.01083
0.627725
-0.0475047
1.10197
-0.903754
0.98553
-0.154075
0.541755
-0.945357
-1.4096
-0.386775
1.11512
-0.255002
0.036884
-0.430931
0.989207
-0.976021
-0.787447
1.11415
-0.740051
-0.700865
-1.12829
1.1382
1.0692
0.966854
1.06377
0.57525
-1.31722
-0.543466
-1.35818
0.676745
-0.735138
-0.88948
-0.963673
-0.571619
0.798434
0.0688521
-0.00381962
-0.857507
0.983252
0.494132
-0.0946025
-0.25954
0.968498
0.550976
1.24278
-1.00402
-1.03018
-0.668285
0.320982
1.02064
-1.58165
1.42156
1.00813
-0.704338
1.01283
0.333367
0.0367512
-0.530904
0.640654
-0.914092
-1.0754
-1.35364
-0.051785
-0.343906
0.326693
-0.994115
-1.33245
0.741342
0.412412
0.65348
-0.584347
-1.22219
1.48085
-1.01293
-0.629643
1.2641
0.785285
-0.493999
0.702695
0.805095
0.190861
0.28791
0.769529
0.0571383
-0.324995
0.367981
-0.0617305
0.680639
-0.369987
-0.816996
0.712542
0.83293
-0.578409
-1.21468
-0.804958
1.19937
-0.92049
-0.273047
1.58188
-0.842989
-0.355477
1.4378
0.358263
0.402474
-0.374722
-1.14488
1.2542
-0.763074
-0.892724
0.982349
0.178577
-1.48957
-0.0280151
0.331615
0.810768
0.854957
0.56695
1.5942
0.012627
0.25264
1.13887
-0.470414
0.0292592
-1.16176
1.31365
0.925799
-0.965731
1.07551
0.778708
0.108556
0.0372173
-1.52569
-0.505221
0.12847
-0.299721
0.843351
-0.682037
-0.0969027
-1.1964
0.829077
0.927918
0.517851
0.48208
-0.743774
-0.110196
0.644
0.7156
-1.21492
-1.33983
-0.395243
-0.966031
-0.52344
-1.31153
-1.13781
0.08158
1.03438
-0.501013
0.90583
-0.469335
-0.497258
0.916826
1.1056
-0.486527
0.637077
-1.17618
-1.3349
1.42757
0.746784
0.645245
0.310674
-0.427344
-0.101039
0.934421
0.457182
-0.438559
-1.43111
1.34606
0.831379
0.243541
-0.927602
-0.441502
-0.752982
-1.49137
1.72045
-0.306491
0.316941
1.40615
-1.04981
0.694853
0.950452
0.158024
-0.317443
-0.87561
0.137236
1.09555
0.808868
0.680359
0.561369
0.699102
1.28293
-0.999533
-1.69497
-0.72268
-1.17037
-0.997916
1.0626
-0.182747
1.02745
0.132306
-0.096517
1.27533
-0.000362687
-0.458957
-0.170424
-1.07684
-1.21987
-0.935338
0.478078
1.10401
-0.978833
-0.455303
-1.78645
1.31941
-0.374466
1.19258
0.430554
0.552181
-0.114472
-1.20799
1.26924
-1.854
-1.04697
-0.97831
0.580883
-0.522999
-1.05578
-1.04581
-0.444519
-0.972096
1.12907
-0.233376
-0.419106
0.597872
0.599739
-0.484103
-0.514946
-0.769406
-0.0640907
0.37857
-1.77599
-0.326947
1.00696
-1.00727
0.411827
0.47916
0.266628
0.727325
-0.665672
-0.2029
-0.753603
1.07639
-0.802316
-1.46957
0.192774
-1.60915
0.861991
1.49252
1.03787
0.214311
1.81382
0.822345
0.51069
-0.233414
-1.46413
1.87629
0.231103
-0.87095
-1.08736
0.458469
-0.754994
-1.21409
-1.65634
-1.73427
-0.227439
-0.349801
0.796412
0.887655
-0.915816
0.342883
1.17608
0.326516
-1.10243
-0.594982
-0.412437
-0.690178
-0.880949
0.0713098
-0.527297
-0.527297
1.63941
-0.669558
-0.141759
0.16361
0.631315
1.61689
-0.28054
0.785487
0.688804
-0.0849097
0.918819
1.05152
0.513247
0.19389
1.62442
0.621767
1.74955
0.280356
-0.867183
-1.26299
-0.830805
0.380458
0.0996395
0.968927
-0.584977
0.595672
-0.650243
-0.285989
0.328887
-0.0730268
-1.34106
-1.01205
-0.824482
-0.861361
1.03023
-0.485407
0.434289
0.912896
-0.634092
0.89304
0.381437
-0.8135
-0.782975
-1.15341
0.964232
-1.19155
0.103337
0.990997
1.31399
0.428223
0.431817
-0.535248
0.845247
-1.21714
-0.995365
0.310298
1.24715
0.679605
-1.20224
0.179483
-0.531344
-0.665132
-0.914928
1.05732
-0.346741
0.58855
-0.76803
0.475223
0.0968557
0.50576
0.13327
0.961749
-0.483238
0.377716
0.389791
-0.57069
-0.505252
1.23324
0.240486
-1.28593
1.06684
-0.0772149
-0.554071
1.3931
0.965957
0.0127075
0.252082
-0.205225
0.269112
-0.478491
0.680457
0.12683
0.171777
1.34717
1.3876
-0.492844
-1.30448
-0.613228
-1.15909
0.751843
-0.890464
-0.0578516
0.361398
-1.3345
-0.455228
1.11787
0.744113
0.94747
0.101526
0.948628
0.439688
-0.330792
0.732711
-1.50126
0.776534
0.455799
0.858076
-0.995318
-0.0309789
0.430256
0.108597
1.10473
1.01775
1.08355
-0.856948
1.06507
0.195443
-0.334115
-0.47852
-1.15281
-0.24405
0.728852
0.669647
0.547991
-0.838643
-0.688642
0.852353
-0.751685
-0.98153
0.755815
1.29976
-0.456202
0.669511
-1.19461
-0.653514
0.547077
-1.14318
0.145131
0.873538
-1.76769
-0.985074
1.12979
-0.369676
-0.5088
0.816538
0.189271
0.805486
1.28375
-1.52062
-0.971727
0.839614
1.1397
-0.921477
1.34382
0.873611
0.579773
1.80836
-0.769024
-0.787817
0.829549
0.439121
-1.08309
-0.895702
-0.412076
0.832549
-1.61757
-1.05183
0.455246
1.24181
0.186019
0.475308
0.0843516
0.192285
-1.38019
-0.330465
1.07436
-0.311495
0.599583
0.189346
0.428388
0.644571
-0.544519
-0.00795537
-1.18667
-0.268601
-1.40102
-0.740333
-0.39927
-1.67832
-0.769952
-0.278326
0.516556
0.66303
0.838017
1.04856
-0.757727
-1.20248
0.61463
-1.1653
0.772453
-0.753915
-0.140687
-0.325584
1.07548
-1.86786
-1.0957
-0.220448
-0.671455
1.03026
0.304386
-0.527467
-0.0356095
-0.555052
0.175228
-0.605151
-1.58654
-0.546212
0.984968
0.714187
0.385131
-0.725498
-1.12781
0.588103
-1.07133
-0.3787
-1.38743
0.0695757
0.227671
-0.611007
-0.676079
0.452225
1.40639
-0.616522
1.28294
0.420216
1.32526
-0.671045
0.514111
0.101879
0.215441
0.537386
1.24031
1.26229
1.42523
-0.696731
0.961351
-0.35622
0.0547195
-0.40382
-1.05265
0.0313076
-0.426958
1.29918
1.29702
-1.72926
-1.56137
0.0167933
0.873193
-0.7217
-0.297067
0.926358
-0.326605
-0.103661
0.557304
-0.111732
-1.15978
1.60714
0.90076
1.013
0.512689
-0.669947
0.869218
-0.670426
-0.609875
-0.297414
0.690249
-0.633567
-1.1304
0.507909
0.713946
0.759688
0.612941
-0.861127
-0.993565
-0.567935
-0.374939
-0.668692
-0.710948
0.21557
0.0325824
1.15296
1.79089
0.20567
0.447162
1.14714
-1.25841
0.631696
0.306466
0.459047
0.26611
0.491773
0.547094
0.318486
1.17242
-1.14828
-0.454955
-0.677212
-1.47072
-1.37661
0.376586
-1.23792
-0.259836
1.26815
1.12474
0.407443
1.19766
1.08223
-0.0170619
-1.01763
0.548355
-0.544165
-0.511309
0.982639
1.08084
0.662356
-0.0755444
-0.41892
0.685243
0.244562
0.625705
0.340109
-0.36159
1.36305
-0.70094
0.781981
0.831917
-0.450762
-0.307826
-0.527921
-0.16288
-0.464264
0.152245
-0.743709
-1.19614
0.575619
-1.40484
0.720825
-0.629847
1.01386
0.32884
-1.01442
0.534402
0.181823
-1.08041
-0.153841
0.661517
-0.369909
-1.47841
1.08814
0.0587612
-0.976953
-0.524623
-1.36007
-0.444974
0.741413
-0.803531
0.127315
0.231064
1.11788
0.126388
-1.16839
-0.938837
1.05181
-0.830976
1.0713
-0.997908
-1.1165
-1.36707
1.02958
-0.791517
1.48819
-1.33991
-0.484214
-0.489045
0.567758
0.113477
1.14391
0.197329
0.116571
-0.956164
0.411505
1.45381
-0.950075
1.57268
0.141234
1.18105
-1.25713
-0.303124
0.890338
-0.17631
0.410881
1.09023
-1.02927
-0.67434
1.06009
1.13563
-0.980025
-1.14471
0.875651
0.530713
1.17154
0.816684
-0.155115
0.799297
1.02198
0.52812
-0.407447
0.148893
-0.351122
1.26264
0.742992
0.682406
-0.474926
0.928255
0.588633
-0.402135
0.71567
1.92505
-0.0566218
0.194082
-0.820945
-0.652735
0.967449
-1.12031
0.0111517
-0.272051
-0.304181
-1.10848
0.585418
1.17772
1.10305
0.297068
0.618372
0.858632
-1.12377
-1.18307
-0.963895
-0.354
0.283145
1.49381
-0.295533
0.103622
-1.00204
1.28684
-1.1086
-0.657725
0.42087
-1.12612
-0.715692
0.532169
-1.00549
-0.88039
0.771053
0.558091
-0.42332
1.38247
-0.0385845
0.482424
-0.754889
1.42022
0.578506
-1.18936
0.417774
0.892675
0.763682
-0.870301
0.481116
1.10905
0.892633
0.816236
-0.50637
-1.39998
1.40081
1.45792
-0.347196
0.533289
-1.29821
0.273603
0.35151
0.596146
-1.50896
1.21665
1.08459
-0.915142
-1.08051
-0.933343
1.42726
-0.944269
-0.789042
1.10051
-0.438887
-0.0259978
-0.629101
-0.870599
-0.108988
0.329546
0.507911
1.29197
1.08174
1.25181
0.734286
-0.955006
-0.429918
-0.679477
-1.85425
0.302665
0.487507
0.683063
0.92755
-0.671382
-0.712266
-0.562337
0.380067
-1.0032
-0.282317
-1.24573
0.169592
-0.899374
0.0181412
0.552787
-0.877413
0.821315
0.0904056
0.952237
0.298058
-0.932801
-0.612035
1.46782
-0.340603
-0.355244
0.316558
-0.84461
0.828125
-0.541954
1.41859
-1.40675
-1.27246
-1.23412
-1.37953
0.372757
-0.586528
-0.285701
0.397843
-1.12434
0.45376
-0.570385
-1.31041
1.51608
-0.105342
0.884849
1.7401
-0.779761
-0.75078
0.611483
-1.06147
-1.00976
0.229163
-1.47401
0.109405
-0.845601
1.2652
1.13689
-1.1985
0.565229
0.786404
-0.160424
-0.694732
0.710083
0.10581
-0.63219
-0.259571
0.893476
0.383126
-0.118864
-0.280737
-0.882565
0.0838088
0.324179
-0.363314
1.2535
0.987683
0.997905
-0.595905
0.912501
-1.40108
1.26813
-0.75805
-0.970016
0.70606
-0.516297
-1.04191
-1.70085
1.62394
-0.568942
0.960716
-0.791114
0.15281
-1.3759
-0.702474
0.681997
-0.789265
0.776584
0.802434
-1.34655
-1.79596
1.19614
0.630542
-1.54664
-1.14264
0.350042
0.510416
0.0748039
0.549106
0.169049
1.00167
1.17787
-1.19578
-1.15711
0.29766
-1.24557
0.923871
-0.335764
0.324253
-1.39453
-0.532012
-0.190585
0.968103
-1.59198
-1.34481
-0.138146
0.251377
-1.08091
-0.900009
0.385714
0.612166
0.716699
-1.27468
0.314542
0.333991
-1.17776
-0.961288
-0.478338
-1.44316
-1.57868
-0.835969
0.252874
-1.06858
-0.627252
1.02156
-0.592073
0.506013
-0.458621
-0.795924
0.511516
-0.598493
-0.622239
1.0028
1.0204
-0.390452
-0.234048
-0.906962
-0.145137
0.889481
-0.146127
-0.688899
0.158281
0.546589
1.57126
0.159704
0.525184
-0.795077
0.825705
1.02005
1.47196
0.675305
-0.341473
-0.934897
0.742025
-0.289932
-0.523308
-0.989515
0.891037
-0.534425
-0.257596
-0.767052
-1.0863
1.54673
0.643069
-0.929567
-1.0148
1.04973
-0.010658
0.734238
0.0306183
1.21605
-0.924454
0.800718
-1.15648
-0.0085695
0.927083
-0.73229
-0.643484
0.641664
-1.16311
-0.898783
-1.0878
-0.5389
-0.593993
0.873742
0.203863
-0.572974
-0.991726
0.925115
-1.41379
-0.94207
1.02455
-0.614226
-0.943566
-0.999663
0.914157
-0.943083
0.843843
0.249827
-1.02106
0.765899
0.04325
0.0304501
-1.10904
-0.849857
1.27296
-1.89436
1.05002
0.689133
1.06733
0.00783757
-0.58582
0.619187
0.272301
-0.350442
0.812973
-1.00874
-1.49181
-0.997353
-0.210368
-0.316183
0.802434
1.32241
1.18943
-1.21452
-1.07621
0.794721
0.152196
0.0948477
0.890347
0.0487079
-0.555736
0.448858
0.472151
0.352829
0.197215
-0.870814
0.100432
1.15013
-1.03462
-1.32799
0.933399
0.234195
-1.34396
-0.184975
-0.631036
-0.849776
-1.0812
0.977452
1.49436
-0.608698
1.11598
-0.350114
-1.34367
-0.494223
-0.480627
-0.245452
-0.931067
0.386779
-1.19134
-0.119222
1.24263
1.01706
1.07627
-0.860457
-0.239585
-0.804812
1.28204
-0.14713
0.525498
-1.16189
0.205769
0.852865
0.0590156
-1.01712
-0.900933
-0.817484
-0.952032
1.28306
1.11525
0.0587253
0.581054
0.332863
1.04486
0.764825
0.861377
0.576241
0.149723
0.251323
0.829225
-0.846614
-0.62193
-1.50726
0.294532
1.49029
-0.656252
1.26877
-1.32242
0.949142
1.14782
-1.10031
1.33735
0.72599
0.0923518
0.504323
0.807956
1.43795
-0.320105
-0.275352
-0.615225
-0.24215
1.03988
-0.788493
-0.340761
0.117784
-0.650421
1.20894
-0.414324
-1.15293
1.12145
0.931797
-0.573861
-1.6296
0.928874
-0.385359
0.718967
-0.916115
0.84301
0.560044
-0.69408
-1.64512
0.274098
0.463403
-0.801753
-0.547085
-1.04476
0.140291
-1.10403
0.599546
-0.0582873
0.272943
1.09247
-0.924181
-0.0602263
0.532425
-0.83108
-0.152896
0.792498
1.02816
1.0132
-0.372891
-1.25865
1.61181
1.38835
-1.43415
-0.696437
-0.27885
-0.366715
0.626237
0.283691
0.573753
0.841114
-0.966448
0.849009
0.830798
0.0245202
-1.03053
-1.08954
1.77685
0.79594
0.437076
-1.38295
-1.16866
0.469435
0.0998145
0.605155
0.949669
-0.56144
-0.186675
0.163355
0.0288749
-1.02938
0.306632
-1.24951
-0.390892
-0.38304
0.702581
-1.34005
0.0885573
-0.458579
-1.05657
2.10752
-0.614765
-0.0520337
-0.549218
0.322784
-0.887216
0.833205
0.326201
0.137588
0.348257
-1.71259
1.0446
0.966231
-0.758995
-1.06338
1.20226
0.928025
-0.615984
1.62585
0.995156
0.312926
-0.497281
0.498313
0.70528
-0.354831
0.492226
-0.611059
0.404183
1.47026
0.163612
-0.610969
-1.04123
-0.408919
-0.103038
0.446758
-1.31957
-0.336023
-0.17722
-0.28998
-1.35423
0.676479
0.21774
-0.450686
1.72426
-0.52645
-1.01072
-0.282795
-0.381673
1.49369
0.865826
0.638964
0.862719
0.642521
-1.35088
-0.973966
0.176876
1.18442
0.465461
1.1505
1.45323
-0.664196
-1.08449
-0.950492
0.364202
-0.163197
-1.4035
0.999143
-0.65556
-0.892946
-0.918544
-1.22895
-0.388289
-1.53954
1.05452
0.990407
0.85695
0.0794681
1.52242
0.814184
-0.166568
1.39903
0.764988
0.607121
0.509979
0.392037
0.833622
1.00836
0.969311
1.09847
0.621884
0.671879
-0.62653
-0.340016
-1.292
1.09513
-1.13748
-1.09758
1.59632
1.50195
-0.0767731
-0.0379566
-1.04167
-0.836199
1.37613
1.26255
-1.05725
0.545161
-1.36339
-0.548138
0.482673
0.505962
-0.807644
-0.145301
-1.22028
-1.42544
-0.752901
-1.05216
-0.940785
1.25624
0.412571
-0.915473
-0.0381032
0.674953
-0.602371
-1.30493
-0.0898781
0.650208
1.20442
-0.396997
-0.23839
0.948119
-1.05014
0.818794
-1.76547
-1.09947
-0.487385
-0.141922
0.119863
-0.401837
-0.755484
0.901263
0.506978
-1.17247
-0.0664835
0.735023
-1.08418
1.16548
0.472927
-1.25504
-1.63426
-0.253265
-0.0829735
-0.931686
-0.274006
-0.725957
1.30184
0.760955
0.703474
-0.981982
0.656833
-0.0163517
-1.24218
-1.08122
-0.109229
-0.805837
-0.351588
0.377716
1.1605
-0.967639
0.0040932
-0.691804
0.936032
-0.978682
-1.40694
-1.04407
-1.3021
0.916416
-0.806426
1.22688
-0.714579
-0.357205
1.10072
0.903444
1.17789
-1.53187
-1.3549
0.830472
1.12943
1.411
0.461228
-0.236532
0.608344
-0.428945
0.975538
0.277284
0.77655
0.370299
0.899282
-0.11145
1.22223
0.591478
0.483536
-0.760266
-0.17147
-0.593045
-0.502275
1.0911
1.02547
0.46545
-1.55492
0.668379
0.117467
0.801575
0.929773
0.489141
-1.56438
-0.415735
-0.723798
0.429305
0.563881
0.597367
0.462419
0.106213
-0.552178
1.74575
-1.45472
0.246533
-1.06633
1.27
-0.514794
1.20282
-0.830531
-1.17183
1.34443
-0.157128
-0.348086
0.768529
0.566491
0.272781
-0.104569
0.34495
-0.881804
0.821303
0.614389
-1.19846
1.69559
0.271566
-0.726649
-0.789993
-0.86929
0.616964
-0.324575
-0.400005
1.90217
-1.0244
-0.8725
-0.328484
-1.04209
-0.718625
-0.639545
-1.65462
0.0813631
0.100417
1.05092
0.757737
0.699823
1.76446
0.437665
-0.711395
-0.548213
-1.37394
