1 -0.153176962274330447 0.0154378468134434843 0.338402513435035246 1.10913774167374157
2 -0.32923840872899407 0.00444015343199563248 0.597778394825987269 0.744654802473418753
3 -0.393855670714118367 0.00402413579715994469 0.698838687291299387 0.691622903284138557
4 -0.17780920366683664 0.0127721491921447081 0.225218448127797455 1.10703613373153043
5 -0.400091541570259612 0.00253312498463986171 0.685090384818777043 0.632381362699983685
6 -0.377015189665090567 0.00588520293739240932 0.906234163448168539 0.658307958573415508
7 -0.223594072431420876 0.00590438335040110226 1.03036394084854477 0.609801827864246526
8 -0.360532028377895997 0.00434033579278192763 0.943061169532879773 0.631390499965266194
9 -0.429006589976338004 0.00305845496742024109 0.773873801022666785 0.661024857282261569
10 -0.19209510594277443 0.00553744961486811633 0.410429333373587113 0.745446067583456329
11 -0.297066214950043761 0.00744350883102592054 0.738418530478653579 0.8354393006576325
12 -0.241713063520891114 0.00843255722966802443 0.421636276725556758 0.971046360575415157
13 -0.380746997349028171 0.00294250103323813418 0.661711719540796661 0.649757901396870396
14 -0.42844539461400144 0.00238868838631552593 0.769014284298272344 0.577560597569973133
15 -0.372528726025183998 0.00497873243415223547 0.812015598023286267 0.531292271662729854
16 -0.427105094041428601 0.00360415545218487109 0.779433792748418619 0.662834443820546237
17 -0.240947593040553021 0.00910944110559923532 0.324275849783710934 1.0100872162793717
18 -0.35800731281804915 0.0048558849973358853 0.693936256030926679 0.751954330553725736
19 -0.376696300464808898 0.0035914787454162829 0.932729081804542615 0.593162265781784659
20 -0.442809130466959078 0.00221715943670576336 0.819245463231486171 0.608256422360047289
21 -0.429810051959008677 0.00357504460798071643 0.80255603771485251 0.677523997688790902
22 -0.417682548568859391 0.00311441993496367918 0.835369789221490522 0.568059371851127759
23 -0.279534112593638751 0.00366772436424606368 0.582800617645566676 0.583694826023310354
24 -0.40133643642006489 0.00304465037714693378 0.909560889480392598 0.595153364909164151
25 -0.310075138172356435 0.00404744247111893905 0.612135818531964304 0.558090844110355255
26 -0.424805911575073414 0.00287894973810142157 0.874186659079722483 0.606865681317500516
27 -0.443910707631533175 0.00233494718272916554 0.793691044228385434 0.630773868967970497
28 -0.387344381525894177 0.00263626106890335089 0.670744866498224179 0.6001774830595068
29 -0.412044365711014882 0.00298589621743674616 0.724910491181821937 0.682870504942432399
30 -0.424851649492854921 0.00307150275691151073 0.876420261524532451 0.61011502282433161
31 -0.279140485295825969 0.00729793809010755284 0.53517196973553216 0.857117630362957073
32 -0.441919680630045664 0.00264427242528664621 0.82261489314169145 0.603363150186178809
33 -0.439035379281394134 0.00344419877679406428 0.785157965378944001 0.633822025971373826
34 -0.431736877161750243 0.00212415275730330104 0.739218899407726782 0.631710003513407892
35 -0.354690997786032247 0.006128857688374738 0.900411027346592396 0.686828995968547851
36 -0.390001246894666531 0.00235526113852126216 0.67317805404129305 0.644346782654845462
37 -0.344615430094761532 0.0033739300875272756 0.622491741607505089 0.640462623225422911
38 -0.404555506659110498 0.00425634911451314331 0.768619809549255684 0.547753465772496395
39 -0.415516112483909406 0.00582735408498226762 0.82061994223293111 0.670194407982560247
40 -0.433512857169011112 0.00302203130842852155 0.765691172233144313 0.64192520733322822
41 -0.422059976315010632 0.00357810617198781131 0.818923728071805801 0.562254902516811872
42 -0.422149482599722681 0.00369219677367831501 0.797622787678387013 0.673351579564691716
43 -0.424847360697109822 0.00243801724971092664 0.738283529261338445 0.642189891597499507
44 -0.43946303901053857 0.00324936522993208264 0.828514776956340571 0.637909188868725385
45 -0.417116603783182827 0.00360921330838577309 0.879058489067884863 0.647969618856054086
46 -0.438048423460527026 0.00359567847594519183 0.835423342303609928 0.634071076775481246
47 -0.432666741739763716 0.00332071520319272709 0.852290572975449301 0.626660544964671717
48 -0.405638141237639971 0.00274104269569540966 0.699560861027689329 0.647669718506118097
49 -0.421399154242788843 0.00319726021594002666 0.836562983225808909 0.576640895610877724
50 -0.426648023197311654 0.00411894211753373752 0.827310812400928741 0.648195648758546628
51 -0.442284867627518341 0.00225194326518958965 0.777686872671507934 0.612042016510275899
52 -0.442419333528823788 0.0025022967008410898 0.832176774195046542 0.606503646988009848
53 -0.443470129887295617 0.00282312498444911488 0.819542212269358528 0.623269312157817335
54 -0.441831364498174117 0.00228669289818691796 0.788698052985330911 0.588710806310905999
55 -0.411094901593733075 0.00340210918787893328 0.728452175937987167 0.667452792019150754
56 -0.428348346776335431 0.00382379698630303834 0.828894886531078345 0.674971868941235509
57 -0.418340449573803064 0.00247569058023736728 0.720017326596032348 0.650130854693628191
58 -0.425266491039972772 0.00253949007077824539 0.850734430569841882 0.583074504379089475
59 -0.436186800399072372 0.00248157718207799548 0.753630324714927635 0.639226711004639236
60 -0.408528605980826298 0.00246443985539761224 0.719897310906565502 0.574461266607193766
61 -0.446456460107682973 0.00253605536405264757 0.821087399637540849 0.628037308315604892
62 -0.430188506234594592 0.00299260122629805203 0.761088299479771413 0.664169611659066517
63 -0.440873854295260104 0.00248500449099421606 0.778386936853481259 0.64058523530142808
64 -0.433693338551250918 0.00216952798150448628 0.754444963563035031 0.630953681721148962
65 -0.442196926869179718 0.00236624585960491015 0.826166491045147833 0.609253003859344444
66 -0.419566235291707001 0.00255700988903035916 0.721898161353036305 0.640660535350477955
67 -0.421424257350796139 0.00292238901124781524 0.754365251558085426 0.668093159450454999
68 -0.437006352251791741 0.00256467822183611971 0.843536292910797125 0.606491310462119682
69 -0.43239021592913901 0.00280890761600374305 0.858902540848730522 0.624035181933502825
70 -0.440404674239162075 0.00291670252374114135 0.777317233445565026 0.633956702061225452
71 -0.42957480500130929 0.00338260122695448065 0.86295002140913768 0.622416122286045037
72 -0.431624380424007137 0.00461256958241726325 0.794903241889521994 0.658029022249451812
73 -0.424304772566479194 0.00415297208328017399 0.785404306340316438 0.66258318558950291
74 -0.43403270908059377 0.00262230396101261051 0.760144753285206476 0.634908807556261223
75 -0.416238422796904095 0.00293656988977370002 0.730772819545194907 0.5740305341169335
76 -0.427066266011618734 0.00209038983405482933 0.732350852116314344 0.605014389140075881
77 -0.435961674111009556 0.00237788349356414129 0.762838985252849766 0.596014826074147908
78 -0.428602184324112179 0.0032020919839941017 0.87136028944896704 0.619131376281038426
79 -0.436714053160808136 0.00241334391869842688 0.830211195175508565 0.600683127787818516
80 -0.441778443440742796 0.00260409772647987332 0.80769889412258411 0.61147855323615341
81 -0.411361340382450591 0.00197225207511371502 0.705605963361818134 0.644586210401521864
82 -0.440947801062484213 0.00267664837753475065 0.77926572998707011 0.592066793662870405
83 -0.44202228322684034 0.00226351013869150039 0.823263087282711137 0.599265016435924669
84 -0.445164600421543988 0.00226264360384524112 0.81947418601215527 0.601223328469632223
85 -0.437826334453690569 0.00289759935893227523 0.786726473401711091 0.649675060966692364
86 -0.420522935340970239 0.00244854266769534319 0.725172834800025479 0.664194197342701576
87 -0.440599812665237567 0.00177134274299246223 0.774875529129604668 0.624457412309943671
88 -0.395383783256523791 0.00445461723917648777 0.90392190416994378 0.645023958348777349
89 -0.439552963606536506 0.00279108956933200002 0.828488871863877985 0.604263945233333044
90 -0.436398071566125256 0.00260755410937547416 0.834371361932735089 0.58822595467274863
91 -0.436630751285641994 0.00376483370626317856 0.806567823349664925 0.658221865249582927
92 -0.442492112882565181 0.00264242415586999832 0.805305209722653625 0.643967651923886275
93 -0.429963525766348831 0.00333038031231595215 0.854011577535462862 0.605951376028009303
94 -0.440046280717947214 0.00254912977509473299 0.790197354823208742 0.589843480597392666
95 -0.42937028211356365 0.00245631909077384135 0.74476566194845828 0.659538575040064412
96 -0.441154008647036522 0.00286253351543767996 0.831792278124507289 0.615807916364382812
97 -0.4274624260260243 0.00217619026712111228 0.725664855245312101 0.624088204513643552
98 -0.427605584577970155 0.00312169324613391537 0.76614056713905776 0.573138843407432486
99 -0.42990936218669612 0.00326572575320977941 0.787311427309661749 0.662216075561213202
100 -0.435979437410772108 0.00318487976074587498 0.765263238240674548 0.640326945379972368
101 -0.448734043259407911 0.0026874670887732017 0.795398091552577458 0.615676386496149752
102 -0.439774575238085053 0.00246547385412300857 0.82572480487119293 0.603628096651823376
103 -0.44304542550742454 0.00298432400731504918 0.813600418780657253 0.626147663018628231
104 -0.442188236365058052 0.0024578976920522984 0.815374254077442906 0.599238564547249108
105 -0.431351646312607473 0.00306818387359755404 0.807073762714592524 0.576766496490364933
106 -0.440030623640984553 0.00246987275492244239 0.789161338816639746 0.59190286422788263
107 -0.443184707509580778 0.00224388127695552371 0.790577799191753972 0.606406935819146398
108 -0.420931838304605233 0.00309143525050970674 0.726104346868669648 0.655187742714470112
109 -0.439207481372893227 0.00200865218043065012 0.768827814867336312 0.619058080894259288
110 -0.436400408593129063 0.00300323839117655218 0.780238938643006863 0.583775154564822096
111 -0.43691841749563759 0.00272270785887347797 0.779301398951540825 0.58534634019194054
112 -0.432240406940467781 0.0025137529359903891 0.797439309899710458 0.577815817704407264
113 -0.442482122776188924 0.00228703916094672105 0.796704743160227657 0.601705151299442798
114 -0.43787018904509234 0.00252771492411112955 0.758479408209499661 0.634307067233813249
115 -0.442468945220754584 0.00213997028340915871 0.790279601483548033 0.623565142364239988
116 -0.447128590946600124 0.00192753342026548619 0.801069011979926082 0.612438349239372237
117 -0.40880318927833037 0.00281704018987128085 0.877396260845712095 0.576106272951758536
118 -0.43449736859328153 0.00248963964941835598 0.750032496389972381 0.598897629423565392
119 -0.445676621781330107 0.00266562613950690032 0.817671931510285499 0.631972562064625598
120 -0.439722709459228811 0.00232153521602016704 0.775682397806999768 0.609527369369722294
121 -0.442504503427596396 0.00267883287633684805 0.771998036830954248 0.628693323152444972
122 -0.450319056503759696 0.00223116461539198813 0.796453900461012498 0.608126998042428313
123 -0.423596283096260295 0.0037228503313523416 0.82287272626096275 0.671263306448927288
124 -0.427549404887521467 0.00279095309158507122 0.837213041951568204 0.575426052802002319
125 -0.439888193506181635 0.00267471266113321815 0.830569012957697694 0.602065671906727773
126 -0.446830295656534648 0.00266849671932652696 0.78268924526317829 0.622321430989368984
127 -0.43322355559318998 0.00309165500293469894 0.779263481770733346 0.656688579151722962
128 -0.448252940778103348 0.00208691669308140896 0.806988689780975266 0.606713815813630597
129 -0.428948027859431369 0.00294754705990221862 0.86902817915938857 0.611510357492872969
130 -0.42757352054659542 0.0021110019621403478 0.731978221323229761 0.607625875124009451
131 -0.428088383192052835 0.00316029725696973093 0.800765358994720233 0.566628612773936835
132 -0.446237232801945327 0.00239457430877347251 0.812292651084743911 0.612861347749396268
133 -0.413263355864939452 0.00224300928872659538 0.715331594426294126 0.594122260555917325
134 -0.442259213951141039 0.00229962667857705428 0.765830903767831805 0.63213343977476677
135 -0.441995114899437547 0.00349063280999522586 0.805695335846886462 0.621813583394135394
136 -0.438944336856583517 0.00273207637469561606 0.801591636711471378 0.588716469558528632
137 -0.435845348792373077 0.00232841226585831082 0.825343656914415469 0.588837007602927232
138 -0.431699484590274241 0.00250010413315576068 0.817891604476139289 0.577062096094001942
139 -0.424985467055528698 0.00342623454909253035 0.815300909523808515 0.572023728714889268
140 -0.440100916576853518 0.00238925775330327619 0.762692662055049486 0.630159976978132419
141 -0.443891358033856154 0.00220214540308580559 0.828303121916022511 0.607507843947242776
142 -0.435796542970128375 0.00354750947158000629 0.785389272659926085 0.65064486486629991
143 -0.436205571075259424 0.00346442858570610024 0.814436948827106377 0.654957737256617434
144 -0.436331137284165171 0.00332544279286345161 0.833823054127698082 0.619784080719221864
145 -0.436177736065205879 0.0036274229333748912 0.792433601500864726 0.647664498624676122
146 -0.434138249515119701 0.00322496192032675202 0.781683468475048215 0.657548385394995161
147 -0.445130776496423408 0.00250557779280854639 0.803984031997347137 0.59756399842436303
148 -0.433632637513182706 0.0032489068952768884 0.854072231136651761 0.618761184890006644
149 -0.428728509506706101 0.00229005860390965035 0.743234699945442667 0.594330742184654648
150 -0.438092509774363481 0.00279613282471614759 0.834007297571260686 0.60250076830595245
151 -0.437886795013777141 0.00244389302631541159 0.772952388141916802 0.588895677695757458
152 -0.446801792313004431 0.00209090481134957583 0.788525508754599258 0.615661595277884333
153 -0.411274543603977472 0.0043298049365059323 0.786437839948768924 0.685414995065146138
154 -0.435731864705209138 0.00209970970561294086 0.748396439393661184 0.618669089393246829
155 -0.441690664055507221 0.00243986571780327281 0.799562847322768833 0.609117083639170942
156 -0.440384621177414837 0.00253252157661588637 0.827158799155970459 0.600147302953743522
157 -0.432541039210090961 0.00283900941135077243 0.777156778243161317 0.665446844708417529
158 -0.441174959687440749 0.00308739708778676177 0.803762600402129546 0.634296110951382497
159 -0.438333520520121644 0.00270273434633413806 0.821865627564455137 0.600378614736324367
160 -0.442934220129243938 0.00301817613137743673 0.823491469758002137 0.620122896934771406
161 -0.40840626577688055 0.00367745111908472687 0.778485909437408363 0.553725931209168687
162 -0.442219242179070438 0.00250923580168310647 0.834545021268895515 0.605618251816012032
163 -0.4366572510689396 0.00267652091131562837 0.759796582970242662 0.611026115457509844
164 -0.432357343004956984 0.00247964637732030072 0.748642550764825554 0.643276621282494521
165 -0.420757133982316511 0.0026460349074623195 0.743134029473133895 0.575386879555147557
166 -0.435964988247045604 0.00292624408602609873 0.784468597836001424 0.665954289110738507
167 -0.442606986233557098 0.00220868859187774462 0.780505780680097683 0.636449714508891207
168 -0.44289413672746164 0.00253971427904811815 0.832512193967711811 0.616436881332852793
169 -0.444623728424475173 0.00239685352966825978 0.813607740037530336 0.616613725699608373
170 -0.425020083743569532 0.00353802461844110157 0.870391238275237678 0.617828380167367519
171 -0.446040090311829784 0.00214808412306943678 0.785461994492323567 0.609487211923234184
172 -0.433425767798238992 0.00278664002370681641 0.835587678376964793 0.588517040310760908
173 -0.437202333056194714 0.00253204976982353627 0.838136320591877815 0.594686291237393583
174 -0.437201443558749125 0.0025833658316099504 0.843118717211830404 0.598125987355014876
175 -0.437824817913157083 0.00294480787875671564 0.810508472144163661 0.634859595098026808
176 -0.441695981669308624 0.00263278563425133928 0.817827233827074895 0.597382050666634967
177 -0.440453010119499611 0.00235863850659871841 0.795438746005300734 0.602906440785219822
178 -0.439651463486375182 0.00247106532707052446 0.76650160239455345 0.629825017986882396
179 -0.441262833073437555 0.00212391378919186101 0.770771373637464396 0.618826326167305041
180 -0.437728538140271017 0.00314236923738209261 0.828545872419597762 0.630817507390482257
181 -0.437748140193048529 0.00251314474413853609 0.794392862659279109 0.589277618206971998
182 -0.440204308436005276 0.00246601356475120671 0.782575455822752453 0.592943575490361363
183 -0.443096241826900716 0.00211307172602131187 0.831737640677022383 0.612997918292087718
184 -0.443221475504952223 0.00260557340704131897 0.804868463909600762 0.601237860652368727
185 -0.446253767138820479 0.00248889954262002718 0.818940444940843171 0.620758567279692586
186 -0.448220729297683251 0.00254112793937245245 0.810958512699586409 0.624750253087853813
187 -0.445142086153798022 0.00230046467776460779 0.793744461455004102 0.617994545111023474
188 -0.439722797608226856 0.00325983342867979756 0.778307495107159686 0.649215496139759152
189 -0.445455706003830387 0.00221300006763187982 0.799205020954445566 0.612257866857996547
190 -0.444981550215935107 0.00228155600678370089 0.777335610624326767 0.627683072770518047
191 -0.447312319795630908 0.00221057812025738688 0.79517662043787074 0.604108222550318374
192 -0.444459317745128368 0.0027017999168242701 0.772936527127141559 0.626449368247187222
193 -0.432890505943260506 0.00228131332595873796 0.755345198317083688 0.641959396733380983
194 -0.448263543571300882 0.00281065621323795412 0.807408624322402013 0.631087259303713788
195 -0.436066850037243103 0.00286788722566509811 0.812665499109912814 0.652198674262531752
196 -0.437887653195603355 0.00238004139816304925 0.77122799209344739 0.609749950267477803
197 -0.44380926656418429 0.00201603003688497406 0.779373159911271762 0.628491084552548096
198 -0.443091711443854175 0.00227704428451266493 0.781967731231446361 0.617994028173540766
199 -0.451212912843053482 0.0026559191903386954 0.8135807621191401 0.634725551190921555
200 -0.445856527123198509 0.00220178926903658641 0.781430433804795155 0.616562833951422085
201 -0.450396134176168916 0.00250981890998445934 0.817030236741568716 0.618241162734697314
202 -0.442925908988067274 0.00286906484076308258 0.822873113557343605 0.62868524336800935
203 -0.446947356233805937 0.00256030474252334512 0.791879519504983254 0.626581197689373148
204 -0.436691212866969491 0.00335170704468763575 0.817277589498869861 0.63364126626209194
205 -0.443141694666433938 0.00215213430898011362 0.780250015531523067 0.60665322946500555
206 -0.440396062181208359 0.00255682658460085937 0.791057657236810763 0.629705567496236407
207 -0.4498444046946799 0.00229273436893849374 0.80485154523843716 0.616042418892328469
208 -0.431324880331417637 0.00252029190378402551 0.770341256371680605 0.649104803365411986
209 -0.445193485731047778 0.00242163295020728303 0.809765078590227394 0.615403505130265316
210 -0.43731412722336388 0.00322918730064431295 0.803708689075421701 0.653755001190730489
211 -0.440676035353220807 0.00252098891242647817 0.808388713023395988 0.586755014881805259
212 -0.443492186230239671 0.00253681887616758741 0.774781406925891813 0.630023984498358169
213 -0.441220816617439615 0.00246183947545688953 0.823077631694775991 0.60935147949372781
214 -0.446426586955384452 0.00220816468315179716 0.801450229739620323 0.597820321585406433
215 -0.442389107899019307 0.00245141381758302553 0.778260436874127159 0.615343653224941778
216 -0.444529516406332592 0.00243752726548088217 0.801038015636150069 0.619406805299377305
217 -0.426984012336519003 0.00221776091249920211 0.745776414046516178 0.595901518659458174
218 -0.439513633186110642 0.0027976828124443116 0.847756468794299223 0.625904455766744139
219 -0.444470186996929806 0.00217871334109304149 0.808805864148685716 0.611570167869815107
220 -0.438435677421330605 0.00272959359972583561 0.830397647811676021 0.604596342301868095
221 -0.447519788113258266 0.00254846632478797526 0.805143075860363155 0.597079584806182173
222 -0.443461543103774281 0.00222911355262823919 0.794243578486587776 0.601156523476015003
223 -0.445839682407700111 0.00226008508654063555 0.80037798523089565 0.628403196657976726
224 -0.437245697977963865 0.00304372860029117689 0.840608518464487919 0.624984653674648727
225 -0.447028461778007313 0.00243040819908934159 0.794381198025432167 0.618664083111601371
226 -0.435225234019481544 0.00290818087058855503 0.836522243946951849 0.618134473238522886
227 -0.442774447595954801 0.00220572563988347906 0.775128802059211086 0.616663728055786842
228 -0.444394366750131775 0.00217488613547175665 0.777487067000392162 0.618792527847137785
229 -0.433458919585876845 0.00224282566958119512 0.741225293632190585 0.600855158471968909
230 -0.436495922066446496 0.00296392296286720298 0.840756333008888967 0.617570749801434782
231 -0.446549914049130858 0.00235683890995923512 0.797313343784114448 0.6025323668225403
232 -0.440232386504444961 0.00311285655715521194 0.80329771883958756 0.624942678727844481
233 -0.437977161733626386 0.00298044087114631047 0.780100826181352791 0.645635205159903469
234 -0.441894075177718004 0.00253286224497193888 0.788474659371379505 0.613137085292952966
235 -0.448534806126407115 0.00254130529292013151 0.791094376240635389 0.610285271408823271
236 -0.438276841843123266 0.00358461031505051932 0.808948158923931682 0.636051926475761475
237 -0.444769110598649875 0.0020248774979840338 0.811754657850745076 0.617710166277957939
238 -0.450444038034644889 0.00236476965667294483 0.801392042709822117 0.616131872930468227
239 -0.438155246234036067 0.00242204950236007315 0.767972317298661777 0.624477481917802946
240 -0.441716126926700592 0.00236593287551434186 0.767088583153707315 0.629160382631252402
241 -0.440464462821867131 0.00253041565144035288 0.813699960236926367 0.60138413276094238
242 -0.441525473901998422 0.00189508078441138431 0.762918862302107592 0.605628268380632884
243 -0.447950662699429847 0.00210732935186474591 0.800498562501832489 0.624645796979256596
244 -0.446021799717481626 0.00233858034980430254 0.789103567809493756 0.642505872771274134
245 -0.442971175999204492 0.00280189474117854267 0.810858280886358362 0.637974606569863156
246 -0.444657892729268478 0.00231633281883454004 0.770898929915413755 0.636750962739092263
247 -0.446689590169137896 0.00223293092955254707 0.783628167485721505 0.619479324577722812
248 -0.444204960570958818 0.0022975854949222837 0.781874533512883052 0.629787113374734475
249 -0.440909814634841468 0.00256994029811436235 0.803907015445998185 0.63340563398997507
250 -0.443389855908182695 0.00248841091402424684 0.824226140082695458 0.609836100583646346
251 -0.443725563722844829 0.00258385033004585214 0.791278205858014783 0.602276342488016758
252 -0.446293363135819077 0.00240766777741137404 0.804858324123564395 0.61472730786272145
253 -0.444780943318381139 0.00227621832252149605 0.798079553370877548 0.597919395233473927
254 -0.438810115774259379 0.00331123566944083094 0.811403885829655613 0.629378001302901446
255 -0.443694946687672287 0.00220054978827653779 0.772545676145528826 0.633831002558288725
256 -0.445717319893078001 0.00204978180216920962 0.773822956156540953 0.627526279308933566
257 -0.446883909244450428 0.00239657266286428822 0.79343065842539684 0.613163639869712673
258 -0.444156702814852644 0.00241372620739176928 0.793741286901771148 0.619211544573291306
259 -0.436253143461958148 0.00307490478350025279 0.794390623937686779 0.588529340407479618
260 -0.432411871678358595 0.00243109829422377645 0.790768359672524346 0.582017040082730475
261 -0.445211545696923339 0.00234549796846122809 0.780196992604539563 0.625967161123160754
262 -0.441387689606926203 0.00243477468015785388 0.772202391440688585 0.632037739735704873
263 -0.444899768793305506 0.00234253971731377027 0.782521186030551652 0.612512434706143249
264 -0.445119803163308625 0.002453144948303323 0.81404491030909254 0.607441546943073174
265 -0.439509668142987364 0.00259064854497364746 0.837924352336955947 0.624309293526027487
266 -0.444023001254816529 0.00233962428062198941 0.814219724903625819 0.617837307465803121
267 -0.440798204751861877 0.00260664187327006459 0.83879220531488341 0.638016356035169707
268 -0.444809620813796325 0.0026516534671901619 0.820700942026413305 0.634319166325423733
269 -0.447981251810511294 0.00228382822198788891 0.793955838316788176 0.629243303164238821
270 -0.442603277858722055 0.00223227730970713229 0.791070918281424618 0.60092829408631665
271 -0.445440376987395414 0.0022318785774782272 0.785696133956658493 0.624908485759008037
272 -0.442088991253595631 0.00221451089376779701 0.801906705588822044 0.592987926955310996
273 -0.445696433835822248 0.00257223603764167308 0.793433512797572682 0.63717985068976235
274 -0.443622284455593485 0.00233477795914898648 0.787194185684592096 0.63175186266861505
275 -0.436667850363142818 0.00308182189565264384 0.799946965132943499 0.648442434791691058
276 -0.445910280466167486 0.00263883272260034959 0.7999880779409686 0.615163403904263939
277 -0.44911640018055432 0.00258799939310242269 0.796922901383433469 0.627593353710545476
278 -0.449851895665209778 0.00244409223150378807 0.818729146432883415 0.610922256908753014
279 -0.444230374663074856 0.00259124825922731061 0.801883819298700562 0.627878920862064538
280 -0.444953220780329617 0.00210306718376037207 0.796275272715782134 0.603604515069938397
281 -0.44059272402324362 0.00302403646179680947 0.810679120077202775 0.647281581611712675
282 -0.44362891544007943 0.0023112802807924806 0.787649800166006941 0.608044143567824213
283 -0.440658301517611262 0.00326305571186350212 0.833882186375770162 0.634428420168305252
284 -0.444095642935211921 0.00258119970857777908 0.809377376431206441 0.62690671601960235
285 -0.445741459638221815 0.00266202630097036545 0.806899381787919645 0.638367736863098667
286 -0.442750917103263197 0.00240067811947462708 0.778105701452098453 0.634234756856989823
287 -0.444954755886352138 0.00241140631063288188 0.80605722666572821 0.621223853899930401
288 -0.440190747689870154 0.00244229761117611141 0.773398165767674506 0.599243263158240502
289 -0.443383473612039725 0.00296461494235599832 0.783846757745072065 0.600602588409702487
290 -0.441916184052026761 0.00231058455437333421 0.775423474061737394 0.632922794342918649
291 -0.439027727000879497 0.00270011595807760282 0.793127620229752806 0.611898137283718557
292 -0.446963094487052071 0.00223068028542664377 0.78698453356985909 0.60463048519839202
293 -0.443741146657548602 0.00217111845640056977 0.785329959288803559 0.606445146354366305
294 -0.444940231555749799 0.00250779814631940743 0.810929449867853203 0.617534572083195288
295 -0.447945777559756786 0.00216518106266908993 0.791085048019091741 0.613435318899652526
296 -0.444989284949136699 0.00208312928645800963 0.772336553269220349 0.628055120727529781
297 -0.446252569668490529 0.00272073216828257669 0.811728560069037264 0.613900006971763945
298 -0.438411379828617831 0.00266747534676346114 0.775411080860469726 0.629643989979091545
299 -0.444032981471323585 0.00260222161962788551 0.764779604395298351 0.617136177615488779
300 -0.448668508072656236 0.00244386997421850664 0.805622329587515229 0.615375614796635606
301 -0.437094221141191452 0.00309527405612128326 0.774225173506735809 0.644823249386200614
302 -0.443803847129678741 0.00245301855714674709 0.771640207206681028 0.617560810148502504
303 -0.439447388248198845 0.00243139487128510778 0.820635210790889857 0.588242121977794574
304 -0.449049375940723083 0.00204062499514421009 0.783613290661633877 0.630237102305232222
305 -0.447832370181516226 0.0023304023380013375 0.81023217408115511 0.62720505493118095
306 -0.448523018432132103 0.00248006954447777678 0.804915328830336896 0.622123059063778738
307 -0.444167182922818926 0.00287917870748804474 0.805311430335998946 0.639279326193351705
308 -0.446890221045260772 0.00259240604038386965 0.795889038324343545 0.598850967374124021
309 -0.445532665502305025 0.00225857549107294281 0.770259656796669634 0.608083567409483217
310 -0.448546331648999486 0.00183362910682996353 0.786021710589609457 0.630537731371676902
311 -0.442335418889637844 0.00281665992745596967 0.809361006105759229 0.619841902789243671
312 -0.435223237259979634 0.00237198878672634965 0.752537826107491425 0.611288729368756334
313 -0.436544098232627298 0.00417687694670457969 0.8201103238941444 0.648473278123110952
314 -0.445143476871022348 0.00220229708502420315 0.799262072032033144 0.621719846700282464
315 -0.444062885398809282 0.0026330134541063463 0.836673019083462588 0.599595253916505033
316 -0.443966694563548203 0.00286072688042250927 0.814876787719778894 0.622414880633764933
317 -0.444943608334969543 0.00190542751159756608 0.789633177596318347 0.616472973605032171
318 -0.436596445362617103 0.00257482620790994631 0.786972230012394025 0.653824445930408449
319 -0.443894289214454785 0.00237778981961783839 0.788029213851793697 0.635256328052343444
320 -0.442536547483628917 0.00276858526101977616 0.799140366166659288 0.594795351730279087
321 -0.445132224384140518 0.002437736300483244 0.809707346239139314 0.619297505042781027
322 -0.449842053840353917 0.00213019347149899724 0.788154484114350407 0.608651814351401033
323 -0.446017520498076858 0.00183336306049046742 0.801541501368863818 0.610500437694029285
324 -0.444329261040792234 0.00224875882977850113 0.766713968538350721 0.605134623826814044
325 -0.442555192515525331 0.00250804969968877658 0.797085682448813504 0.623559135179482027
326 -0.440454047466678322 0.00294800055968209894 0.794588608613865821 0.644986499326741902
327 -0.445389876159422271 0.00235254612811947907 0.801993989047043332 0.613733196545565796
328 -0.442013566036597694 0.0020049279193558138 0.765072210367635397 0.622556132082871749
329 -0.444835769638154799 0.0024876083767010229 0.822875463440801314 0.617867058918534107
330 -0.44366410303653242 0.00315102254943624071 0.80806751625503026 0.633959907217767071
331 -0.426571585851863999 0.00274786740258070551 0.755250960105718017 0.667902150670426797
332 -0.441861500105812155 0.00231145738043383271 0.805441772533925127 0.609771609640568979
333 -0.447031438296627448 0.00210257864757071528 0.804752330081377476 0.612118866652531568
334 -0.442071655993415857 0.00262950538038938869 0.789382850757615273 0.630938815767863259
335 -0.447182969072084879 0.00275050296398102233 0.799430309246879633 0.643415184809127849
336 -0.445230189105308816 0.00245788719520484466 0.810583186434882474 0.623929044169511116
337 -0.441034176843865922 0.00250459390610183446 0.796136792739956634 0.618903934730115179
338 -0.441062218230292347 0.00225752294669303568 0.769149884918567839 0.636024059808238285
339 -0.44834191571525428 0.00203534437227124304 0.808535919690403504 0.607711872526111585
340 -0.440959294946915936 0.00274159648623862641 0.788314182195106627 0.643797461018517092
341 -0.441529799805346901 0.00284484940889451242 0.818159693394128862 0.637840775220330447
342 -0.443433373414918508 0.00300284138310420333 0.818896390468590751 0.634895341469329022
343 -0.444312529920450838 0.00247265334528236607 0.81488990830359187 0.625325028688063389
344 -0.445595515341710935 0.00214809244654337855 0.797671263559104116 0.614411146207181846
345 -0.440769093618793795 0.00224085158518536141 0.755140209942070983 0.616236690077172522
346 -0.44548573502567379 0.00247099229092791065 0.804980870767819878 0.610087036977728925
347 -0.444876844593324217 0.00295954171568477663 0.817495694047655541 0.620366087618501427
348 -0.445540004127627731 0.00242494512000365064 0.8231838202556363 0.608442561587449027
349 -0.446841353851717082 0.00221810506548419852 0.785376151364067465 0.59388881054829834
350 -0.44585276286562886 0.00223864018115464648 0.816699330903323029 0.623687291827291546
351 -0.44023520933101401 0.00290425500701837732 0.831847302719527337 0.628777353783239512
352 -0.442334979026034247 0.00262141542523933006 0.789315818787077794 0.637141764948715106
353 -0.446146597982923554 0.00214055450136450831 0.789147734717639548 0.614872588323643887
354 -0.440412412525851504 0.00252351016628061219 0.801706722028835084 0.613129953748084322
355 -0.447936092065814195 0.00257764556688606667 0.814058387693750718 0.631859651643006948
356 -0.443276588900343826 0.00232856018225465963 0.839799484676849506 0.6133650723970967
357 -0.4453514822502328 0.00264103122441698311 0.817102170507374215 0.613481949772374024
358 -0.446021559229728692 0.00199791644302340981 0.785549079391825833 0.610452697073780137
359 -0.434080821791029747 0.0028285362803762721 0.793373336010931851 0.581026452145633199
360 -0.437802649211939177 0.00257592759373515218 0.763838068733979747 0.642888668215483627
361 -0.447221211217249892 0.00238222799437292233 0.798367470346484809 0.616495648039028232
362 -0.441648915826167832 0.00218277419297841597 0.828130913854320583 0.589360603599176858
363 -0.44434415182628767 0.00249133397449195467 0.7986080939810557 0.597108203632474632
364 -0.441415374970348273 0.0025670979025182979 0.787566939725745652 0.62881740007491993
365 -0.442908577397701675 0.00287438802940412482 0.829725890406817101 0.604523870960872123
366 -0.441449440525767456 0.00220573379002984068 0.786144294286062695 0.628717457884737652
367 -0.448519870198410664 0.00243033736978905861 0.811905868364335759 0.622008819685424208
368 -0.443876083046454761 0.00231779047226046264 0.799486842977453427 0.607060995658429969
369 -0.449361906095720243 0.00218052560171208033 0.81535743189744303 0.622861720241815187
370 -0.442475453557547527 0.0025786330186203031 0.822706199627227241 0.622114972152890799
371 -0.439615411129178291 0.00246680388307042196 0.767450864166051461 0.615925465128858485
372 -0.446244138263405421 0.00237849970302012222 0.782632283557021524 0.622200717209755783
373 -0.443930521789375143 0.00216833197800024319 0.775015803244393231 0.612813260233636803
374 -0.450597959869196096 0.00230412666124615428 0.806355888810485033 0.616611414292202231
375 -0.449254237890158004 0.00232842855053141604 0.809049952010446938 0.608844303400173925
376 -0.444233337415603113 0.0019210826529591793 0.775269310492289088 0.619899621152655844
377 -0.439327326860232736 0.00287681623409773808 0.806665868219091919 0.641367144600022754
378 -0.441440369100348728 0.00209530480381003035 0.77789436254125488 0.624227249524582528
379 -0.447312026037807231 0.002569567489891469 0.795517024612312662 0.631234857114105541
380 -0.442739154044231087 0.00234524728994460561 0.773191969562167403 0.615582368989616713
381 -0.441152640248258565 0.00244250682437033902 0.811330255196801908 0.61248173794792149
382 -0.440307911780018046 0.00250891418669549511 0.782894871088422595 0.630807031765466597
383 -0.446780474091651336 0.002083291829770368 0.776343788050002814 0.606390795497781077
384 -0.442788354232496129 0.00297040009109651032 0.810542555666348585 0.626940117027350419
385 -0.448998591427762772 0.00230710431454631947 0.804187496088847542 0.609707724303240939
386 -0.444637846280624971 0.00221283338843910118 0.785766294660336206 0.631544108101700252
387 -0.442870054020808201 0.00217252125780961714 0.777508423374890678 0.608931399495989956
388 -0.44588132788136442 0.00232639769867155292 0.780095849031533728 0.625624887646148875
389 -0.433698597265776864 0.00254046983167892241 0.762650321467108316 0.6277255419719181
390 -0.441676966643213043 0.00438982514991931305 0.816050268936219791 0.640323507697965089
391 -0.441279168911667297 0.00212907188394512257 0.781121956775204462 0.600025773396723139
392 -0.439991751610039561 0.00229729822582092416 0.790306170090741 0.608011074530038553
393 -0.44207714113151747 0.00299687536790843373 0.81293974581802797 0.618132318420234084
394 -0.444501507139418939 0.0026022754294330523 0.804956704686256685 0.604726199764242911
395 -0.445469671047121762 0.00334974017645525181 0.81441025186678595 0.627784027660562849
396 -0.441125998343825376 0.00273205789746552245 0.826029006500074492 0.622198519192947441
397 -0.43932492163127812 0.00390018060900311882 0.807496368244862706 0.636779374761057282
398 -0.446463079720120171 0.00273577207007192876 0.83062004709325532 0.625514595285569075
399 -0.430412977182929479 0.00296791084270735988 0.844857580336280889 0.613797423250213692
400 -0.446438800344008568 0.00258555137126451236 0.799565998793591137 0.615433269535588079
401 -0.445791156243650788 0.00256604313141743949 0.809160719081887803 0.61669947716401663
402 -0.44331744464299766 0.00242711408014294368 0.77999609570256534 0.63664728383105329
403 -0.440219579740822153 0.00321134762366561809 0.834972210883725197 0.633564223544105021
404 -0.449348878364996152 0.00237628450435703594 0.805840049052488294 0.623694789943582073
405 -0.443444224526906128 0.00231546552579339109 0.785512527489602319 0.618317506017917573
406 -0.447212922599698415 0.0020471483152463524 0.789722053303943294 0.610700759219772737
407 -0.445623933450413456 0.00272345548036868066 0.820122331527346815 0.60306390825795364
408 -0.440912571314278579 0.00241821697441222706 0.82237571552169475 0.615725686312270981
409 -0.449623301354942329 0.00202028921324525238 0.788722677487289969 0.636127394793588596
410 -0.441089720019026688 0.00220569949854585627 0.765109622140168089 0.635239079587656241
411 -0.442540483319026567 0.00276439015311631458 0.799460771715608143 0.641801014369111855
412 -0.444062633836253995 0.00228363972120407873 0.813324764697814673 0.621820232914400584
413 -0.442613283426693649 0.00263803841955521402 0.78864784508556296 0.627492885171018422
414 -0.443527420506994563 0.00281201494788392526 0.827702386806491663 0.592402592742343526
415 -0.440305774739265687 0.00223335449785717725 0.77597079876444619 0.598415465732463292
416 -0.447767821810505617 0.0021549690265323415 0.804502942921930475 0.615223105618185495
417 -0.447595974896068449 0.00254059476581334868 0.812146933119750725 0.610626165729167614
418 -0.446161226405947964 0.0025116705854059296 0.791439528502065448 0.628357185344375235
419 -0.444015521943633307 0.00252446945441152457 0.807212822897158899 0.629373489566055433
420 -0.444332881864225426 0.00248653068197940983 0.803237099902528451 0.624102353827514444
421 -0.447196274897541879 0.00192074912813440892 0.775770053233853618 0.614709200357540286
422 -0.447659064933621897 0.00239570315255869387 0.792901118942235361 0.630888730549478027
423 -0.440102314031125652 0.002424450753645484 0.764332483874784474 0.613309479408420177
424 -0.445455848913855867 0.00224906258743672602 0.812932308357176336 0.607280677991845041
425 -0.450541016774654135 0.00261996749932655185 0.831531590820746125 0.622841514142770114
426 -0.448892557604527509 0.00228131701369951997 0.795644761862234429 0.612168570189233985
427 -0.442450424923832186 0.00245533929328206483 0.789461528266584667 0.633980411434114877
428 -0.442583955837064003 0.002039144560628169 0.774158519223511421 0.638625477111147588
429 -0.44950193940722577 0.00203280399666597904 0.787901096710256432 0.608639494447713147
430 -0.446363127491916589 0.00214505083767301203 0.794145928407791413 0.622395037623935443
431 -0.446360143080165417 0.00226585964786855205 0.798099908652919021 0.619764450356227292
432 -0.442253431481052228 0.0029113200646189402 0.821741625538677578 0.619367656946458678
433 -0.443426513695738711 0.00366939225112181914 0.798577823904662698 0.637893952716098944
434 -0.449450384184382712 0.00231675270706302927 0.793890953225542262 0.615902937908957226
435 -0.442948787097404262 0.00293878170290168446 0.797905940754052301 0.645946298433664245
436 -0.443646012422726721 0.00238796237415577319 0.802070968439471454 0.611747695204656994
437 -0.444801381486802316 0.00239078332508710053 0.780464446342912788 0.619540771969705251
438 -0.44426488457377955 0.00284717131073642694 0.798519366001662956 0.634792146979005878
439 -0.444902602831345528 0.00215959985076296431 0.798592324783511165 0.618850952917164299
440 -0.448797875086067055 0.00242947150396863407 0.791475965659908409 0.61911070563917836
441 -0.447710156896698297 0.00199409004942021316 0.778496472639785608 0.633236873427608926
442 -0.442365719519361433 0.00207361007904711394 0.770015986354326221 0.613347849762434727
443 -0.444932619751553016 0.00210161040190701143 0.788054389338188166 0.614867446853778366
444 -0.446702983961901889 0.00207187511014578956 0.819205507201352434 0.621433138216436753
445 -0.446903858956448186 0.00233123797858407911 0.801961763856125165 0.627776163739656612
446 -0.44881049791692873 0.00253426556484417573 0.8017340565920823 0.619650600169671439
447 -0.434581650307896861 0.00303182204604185738 0.777117675371313377 0.637736715971811918
448 -0.452096320771530447 0.00243424397239121225 0.827839194207323326 0.605918696206602769
449 -0.442337143759027163 0.00277223713931487765 0.816836908189587541 0.640536986884390425
450 -0.448738253424087741 0.00238884474091910493 0.798966691131670737 0.634397454037533448
451 -0.43785346576272105 0.00295322677688271244 0.79989519272288756 0.646567101584663018
452 -0.449689768483839236 0.00245719419090936492 0.817588700137163782 0.618323457902930862
453 -0.451730018270115885 0.00241542218399120852 0.792586550674800661 0.61964814648706068
454 -0.442950324488684322 0.00232189128496386064 0.807367984781673265 0.612618583758163249
455 -0.446280648003857638 0.00237137217606219787 0.786026749841819528 0.6034216686188415
456 -0.447577850959585521 0.00230884151083489593 0.786112847379608293 0.624194930076804932
457 -0.437112292176081718 0.00246480407292834752 0.765407526400564975 0.603536338264908045
458 -0.44805102915074746 0.0020931921335706153 0.784341155140275581 0.616959122457379605
459 -0.449609501923121102 0.00247902758862111666 0.81053989988002717 0.600639279057946451
460 -0.44801908643620636 0.00238626774316227485 0.799627854955138107 0.618691295425997656
461 -0.443915244899358741 0.00253872545422695935 0.792836757374188572 0.611903076579690008
462 -0.447381749886785141 0.00207205369074464629 0.790976322338718174 0.612539253014042884
463 -0.449660787235612092 0.00209203460876656927 0.792130884629240084 0.618369550365880372
464 -0.44596553992362914 0.00255349345024953383 0.776999936866195173 0.618407796483938399
465 -0.444974998213741202 0.0020968556106863781 0.799015943745935209 0.605193799335711047
466 -0.447209721537589588 0.00253829646029935397 0.801764567342065249 0.606981472424761526
467 -0.440286323166827531 0.0025548387537477628 0.79125804507833053 0.599222467042506035
468 -0.442243168943137643 0.00211660082119429849 0.763261864342917207 0.619658225912837257
469 -0.447377452514710061 0.0021192264756040506 0.80461854960085244 0.619299350354370448
470 -0.447006161547971514 0.0022889459389214958 0.825054142718242511 0.61098630197156556
471 -0.440160658630492474 0.00251751087372070834 0.797859752534491817 0.58672001202876245
472 -0.444017770226640907 0.00251250980036629669 0.785993235358889542 0.606336249918501657
473 -0.443473978660269996 0.00283712803093648207 0.79744268312657296 0.593604262931837878
474 -0.446757531274298847 0.00211096805516956115 0.767578170360239675 0.616316040494652828
475 -0.445108366135239519 0.00236374273221712358 0.811701787700160438 0.596295324179363151
476 -0.443637671205452611 0.00218817860160086357 0.790674570024222478 0.599869615379206911
477 -0.445278671451621533 0.00253761605735452296 0.807108559365308231 0.617252953300348906
478 -0.442703394624575197 0.00265074207097004038 0.824235992119745853 0.617521920250805434
479 -0.44195222804812262 0.00340684586060370324 0.810375564667754622 0.637049840944794665
480 -0.446228591948156672 0.00214060790726253473 0.817272183943363206 0.609380677558536976
481 -0.442868067823111389 0.00263254507640958355 0.796569704260055467 0.601450241926791862
482 -0.445468874504656775 0.00258570807012341829 0.80863527892492626 0.635036423440194064
483 -0.443535264502955773 0.00222680266928897185 0.76209614794110736 0.611603467517143118
484 -0.444038073409289968 0.00258855923173900802 0.843882581817145927 0.633810403519151633
485 -0.446194566716234475 0.0023249096061832555 0.800617892132395537 0.629317376263582418
486 -0.446793049941553388 0.00216953199338661053 0.802254763845432484 0.618081991410813214
487 -0.44037217719040489 0.00238483548263532328 0.807236082257924314 0.597506927670795829
488 -0.443160550577017198 0.00281231050525545959 0.820068912255932592 0.624820860185468785
489 -0.442988851772220527 0.00258779493437762218 0.799483812295969987 0.601042942203266928
490 -0.440682983332144007 0.0021092503094470921 0.771425187321312045 0.613297258875119655
491 -0.44636427724522304 0.0024750089144269169 0.801733435846802345 0.614901266832229565
492 -0.449340605352904987 0.0020289781954582419 0.802164064083818906 0.618152774747810496
493 -0.447313303399914375 0.00220615621562330905 0.792309312570847357 0.60238347165558126
494 -0.446256375564197449 0.00204184066032961657 0.786040193825713662 0.619374575153500029
495 -0.432425646775356831 0.00379178730804817727 0.847101782984490237 0.637051937645735311
496 -0.449883543184259105 0.00231802164665151616 0.796929066952213216 0.616911837875542046
497 -0.447805064675354025 0.00198748090543509042 0.778425659204140863 0.614740869549288749
498 -0.44491229702902152 0.0024200073492676214 0.796690891718498606 0.600204784231986532
499 -0.450042476327386198 0.00207611686377317563 0.805210950866804165 0.618043333610464263
