#   N_BLOCK:  ACCEPTANCE:
           16.189127e-01
           26.199814e-01
           36.201003e-01
           46.199149e-01
           56.200339e-01
           66.201780e-01
           76.199813e-01
           86.198567e-01
           96.198752e-01
          106.198425e-01
          116.197381e-01
          126.198345e-01
          136.198508e-01
          146.198716e-01
          156.199164e-01
          166.199173e-01
          176.199401e-01
          186.198950e-01
          196.198832e-01
          206.198761e-01
           15.894582e-01
           25.897186e-01
           35.902658e-01
           45.904524e-01
           55.905916e-01
           65.906707e-01
           75.907337e-01
           85.905822e-01
           95.905323e-01
          105.906764e-01
          115.907007e-01
          125.907813e-01
          135.907152e-01
          145.906387e-01
          155.906075e-01
          165.904743e-01
          175.904886e-01
          185.904740e-01
          195.904818e-01
          205.905135e-01
           15.571582e-01
           25.564438e-01
           35.559529e-01
           45.559610e-01
           55.559173e-01
           65.563038e-01
           75.564179e-01
           85.565444e-01
           95.567203e-01
          105.567560e-01
          115.567610e-01
          125.566859e-01
          135.566754e-01
          145.567372e-01
          155.566883e-01
          165.567017e-01
          175.566369e-01
          185.566856e-01
          195.567079e-01
          205.567178e-01
           15.162536e-01
           25.163862e-01
           35.168632e-01
           45.168061e-01
           55.166847e-01
           65.167623e-01
           75.169611e-01
           85.170272e-01
           95.170132e-01
          105.170283e-01
          115.170895e-01
          125.170436e-01
          135.169668e-01
          145.170618e-01
          155.171041e-01
          165.171150e-01
          175.170402e-01
          185.170412e-01
          195.171212e-01
          205.170536e-01
           14.713618e-01
           24.715705e-01
           34.713781e-01
           44.713732e-01
           54.712765e-01
           64.710961e-01
           74.711320e-01
           84.712452e-01
           94.711748e-01
          104.709796e-01
          114.709314e-01
          124.709780e-01
          134.712205e-01
          144.711494e-01
          154.711439e-01
          164.711152e-01
          174.711996e-01
          184.712688e-01
          194.712658e-01
          204.713128e-01
           14.180764e-01
           24.177829e-01
           34.179029e-01
           44.180456e-01
           54.177759e-01
           64.176000e-01
           74.178272e-01
           84.177841e-01
           94.175315e-01
          104.174599e-01
          114.173292e-01
          124.173219e-01
          134.173801e-01
          144.173720e-01
          154.173541e-01
          164.172675e-01
          174.171618e-01
          184.171552e-01
          194.170720e-01
          204.170642e-01
           13.526455e-01
           23.532957e-01
           33.528429e-01
           43.527673e-01
           53.528575e-01
           63.529828e-01
           73.529572e-01
           83.530658e-01
           93.532747e-01
          103.532266e-01
          113.533518e-01
          123.533931e-01
          133.533671e-01
          143.533357e-01
          153.533226e-01
          163.534252e-01
          173.535721e-01
          183.536192e-01
          193.536607e-01
          203.537224e-01
           12.774673e-01
           22.782805e-01
           32.781739e-01
           42.785856e-01
           52.791196e-01
           62.794274e-01
           72.796239e-01
           82.798346e-01
           92.799347e-01
          102.799488e-01
          112.800747e-01
          122.799007e-01
          132.798175e-01
          142.796001e-01
          152.796503e-01
          162.795211e-01
          172.793992e-01
          182.793202e-01
          192.793192e-01
          202.792173e-01
           11.929600e-01
           21.935114e-01
           31.935616e-01
           41.933554e-01
           51.930798e-01
           61.934218e-01
           71.936720e-01
           81.939923e-01
           91.941212e-01
          101.943906e-01
          111.945514e-01
          121.946288e-01
          131.948874e-01
          141.947098e-01
          151.946768e-01
          161.946878e-01
          171.946541e-01
          181.947743e-01
          191.948308e-01
          201.949230e-01
           11.083745e-01
           21.086029e-01
           31.077087e-01
           41.081332e-01
           51.083084e-01
           61.083818e-01
           71.077259e-01
           81.076302e-01
           91.075503e-01
          101.075659e-01
          111.077611e-01
          121.077924e-01
          131.080273e-01
          141.081636e-01
          151.080097e-01
          161.080766e-01
          171.080991e-01
          181.079210e-01
          191.079541e-01
          201.081073e-01
           12.389636e-02
           22.670381e-02
           32.668129e-02
           42.625951e-02
           52.719843e-02
           62.701672e-02
           72.617268e-02
           82.621358e-02
           92.621473e-02
          102.727505e-02
          112.695495e-02
          122.757868e-02
          132.759328e-02
          142.746213e-02
          152.714808e-02
          162.707503e-02
          172.684538e-02
          182.655508e-02
          192.662010e-02
          202.671413e-02
