#     BLOCK:   ACTUAL_CV:    CV_AVE:      ERROR:
           1      1.373592e-01      1.373592e-01      0.000000e+00
           2      1.371116e-01      1.372354e-01      8.751923e-05
           3      1.375601e-01      1.373436e-01      1.058840e-04
           4      1.346444e-01      1.366688e-01      5.897728e-04
           5      1.388924e-01      1.371135e-01      6.171140e-04
           6      1.376382e-01      1.372010e-01      5.204203e-04
           7      1.374114e-01      1.372310e-01      4.469416e-04
           8      1.374338e-01      1.372564e-01      3.917918e-04
           9      1.390733e-01      1.374583e-01      3.968769e-04
          10      1.382249e-01      1.375349e-01      3.645184e-04
          11      1.367337e-01      1.374621e-01      3.385796e-04
          12      1.378207e-01      1.374920e-01      3.116804e-04
          13      1.368569e-01      1.374431e-01      2.915079e-04
          14      1.379225e-01      1.374774e-01      2.726892e-04
          15      1.364814e-01      1.374110e-01      2.624690e-04
          16      1.367157e-01      1.373675e-01      2.496353e-04
          17      1.352806e-01      1.372448e-01      2.634108e-04
          18      1.369671e-01      1.372293e-01      2.492280e-04
          19      1.360621e-01      1.371679e-01      2.435646e-04
          20      1.385139e-01      1.372352e-01      2.405047e-04
           1      1.570567e-01      1.570567e-01      0.000000e+00
           2      1.560853e-01      1.565710e-01      3.434525e-04
           3      1.535261e-01      1.555560e-01      8.597707e-04
           4      1.609579e-01      1.569065e-01      1.335520e-03
           5      1.571082e-01      1.569468e-01      1.069025e-03
           6      1.553941e-01      1.566880e-01      9.216465e-04
           7      1.541312e-01      1.563228e-01      8.593203e-04
           8      1.556411e-01      1.562376e-01      7.561175e-04
           9      1.573984e-01      1.563665e-01      6.830161e-04
          10      1.562118e-01      1.563511e-01      6.148899e-04
          11      1.588513e-01      1.565784e-01      5.995288e-04
          12      1.581129e-01      1.567062e-01      5.630417e-04
          13      1.578560e-01      1.567947e-01      5.266319e-04
          14      1.551433e-01      1.566767e-01      5.020509e-04
          15      1.615675e-01      1.570028e-01      5.646140e-04
          16      1.598157e-01      1.571786e-01      5.560235e-04
          17      1.582548e-01      1.572419e-01      5.269076e-04
          18      1.549815e-01      1.571163e-01      5.123814e-04
          19      1.590199e-01      1.572165e-01      4.951128e-04
          20      1.570154e-01      1.572064e-01      4.704592e-04
           1      1.831075e-01      1.831075e-01      0.000000e+00
           2      1.794284e-01      1.812679e-01      1.300758e-03
           3      1.818848e-01      1.814736e-01      8.832740e-04
           4      1.848363e-01      1.823143e-01      9.843396e-04
           5      1.837509e-01      1.826016e-01      8.283450e-04
           6      1.819986e-01      1.825011e-01      6.963578e-04
           7      1.840000e-01      1.827152e-01      6.289391e-04
           8      1.838989e-01      1.828632e-01      5.674601e-04
           9      1.799873e-01      1.825436e-01      5.875271e-04
          10      1.807697e-01      1.823662e-01      5.549076e-04
          11      1.830574e-01      1.824291e-01      5.080061e-04
          12      1.835092e-01      1.825191e-01      4.735787e-04
          13      1.830482e-01      1.825598e-01      4.388950e-04
          14      1.793441e-01      1.823301e-01      4.637698e-04
          15      1.790056e-01      1.821085e-01      4.829165e-04
          16      1.786021e-01      1.818893e-01      4.999934e-04
          17      1.836824e-01      1.819948e-01      4.815789e-04
          18      1.828840e-01      1.820442e-01      4.573512e-04
          19      1.795229e-01      1.819115e-01      4.521211e-04
          20      1.824171e-01      1.819368e-01      4.302213e-04
           1      2.104272e-01      2.104272e-01      0.000000e+00
           2      2.136034e-01      2.120153e-01      1.122967e-03
           3      2.119231e-01      2.119846e-01      7.490654e-04
           4      2.149184e-01      2.127181e-01      8.479890e-04
           5      2.130214e-01      2.127787e-01      6.805582e-04
           6      2.120172e-01      2.126518e-01      5.788465e-04
           7      2.153134e-01      2.130320e-01      6.083521e-04
           8      2.166476e-01      2.134840e-01      6.797597e-04
           9      2.134836e-01      2.134839e-01      6.042308e-04
          10      2.104938e-01      2.131849e-01      6.133475e-04
          11      2.153737e-01      2.133839e-01      5.889814e-04
          12      2.150445e-01      2.135223e-01      5.559192e-04
          13      2.111665e-01      2.133411e-01      5.418877e-04
          14      2.072006e-01      2.129025e-01      6.571335e-04
          15      2.120995e-01      2.128489e-01      6.155009e-04
          16      2.069083e-01      2.124776e-01      6.798584e-04
          17      2.078462e-01      2.122052e-01      6.923055e-04
          18      2.148700e-01      2.123533e-01      6.694858e-04
          19      2.120913e-01      2.123395e-01      6.343916e-04
          20      2.119830e-01      2.123216e-01      6.029224e-04
           1      2.520859e-01      2.520859e-01      0.000000e+00
           2      2.478664e-01      2.499762e-01      1.491806e-03
           3      2.446289e-01      2.481937e-01      1.762712e-03
           4      2.508061e-01      2.488468e-01      1.437941e-03
           5      2.535857e-01      2.497946e-01      1.428960e-03
           6      2.427836e-01      2.486261e-01      1.598700e-03
           7      2.478253e-01      2.485117e-01      1.374401e-03
           8      2.526793e-01      2.490327e-01      1.297582e-03
           9      2.475270e-01      2.488654e-01      1.164141e-03
          10      2.438641e-01      2.483652e-01      1.150150e-03
          11      2.516269e-01      2.486617e-01      1.083138e-03
          12      2.514712e-01      2.488959e-01      1.017864e-03
          13      2.474083e-01      2.487814e-01      9.459770e-04
          14      2.482009e-01      2.487400e-01      8.793155e-04
          15      2.512450e-01      2.489070e-01      8.364023e-04
          16      2.542685e-01      2.492421e-01      8.486017e-04
          17      2.520417e-01      2.494067e-01      8.145067e-04
          18      2.463356e-01      2.492361e-01      7.869240e-04
          19      2.479790e-01      2.491700e-01      7.482831e-04
          20      2.499869e-01      2.492108e-01      7.119828e-04
           1      2.952739e-01      2.952739e-01      0.000000e+00
           2      2.932826e-01      2.942782e-01      7.040200e-04
           3      2.972592e-01      2.952719e-01      9.373077e-04
           4      3.026312e-01      2.971117e-01      1.741523e-03
           5      2.981994e-01      2.973293e-01      1.406738e-03
           6      2.952267e-01      2.969788e-01      1.215144e-03
           7      2.931173e-01      2.964272e-01      1.160032e-03
           8      2.919561e-01      2.958683e-01      1.141748e-03
           9      2.909989e-01      2.953273e-01      1.135870e-03
          10      2.985610e-01      2.956506e-01      1.067321e-03
          11      2.872006e-01      2.948824e-01      1.215699e-03
          12      2.883800e-01      2.943406e-01      1.229235e-03
          13      2.994274e-01      2.947319e-01      1.195337e-03
          14      2.926584e-01      2.945838e-01      1.119093e-03
          15      2.958710e-01      2.946696e-01      1.047772e-03
          16      2.894923e-01      2.943460e-01      1.031041e-03
          17      2.924855e-01      2.942366e-01      9.761823e-04
          18      2.945584e-01      2.942544e-01      9.221137e-04
          19      2.973239e-01      2.944160e-01      8.876200e-04
          20      2.926471e-01      2.943275e-01      8.476339e-04
           1      3.434295e-01      3.434295e-01      0.000000e+00
           2      3.412213e-01      3.423254e-01      7.807271e-04
           3      3.415250e-01      3.420586e-01      5.642387e-04
           4      3.525339e-01      3.446774e-01      2.307117e-03
           5      3.474593e-01      3.452338e-01      1.911604e-03
           6      3.381502e-01      3.440532e-01      1.923326e-03
           7      3.465275e-01      3.444067e-01      1.680732e-03
           8      3.370075e-01      3.434818e-01      1.706250e-03
           9      3.410342e-01      3.432098e-01      1.538187e-03
          10      3.550934e-01      3.443982e-01      1.785345e-03
          11      3.488163e-01      3.447998e-01      1.667608e-03
          12      3.580361e-01      3.459029e-01      1.857961e-03
          13      3.497676e-01      3.462001e-01      1.738662e-03
          14      3.456189e-01      3.461586e-01      1.614967e-03
          15      3.408716e-01      3.458062e-01      1.545287e-03
          16      3.443633e-01      3.457160e-01      1.451336e-03
          17      3.526913e-01      3.461263e-01      1.422782e-03
          18      3.493571e-01      3.463058e-01      1.355014e-03
          19      3.346656e-01      3.456931e-01      1.415434e-03
          20      3.458673e-01      3.457018e-01      1.344689e-03
           1      3.986261e-01      3.986261e-01      0.000000e+00
           2      3.976869e-01      3.981565e-01      3.320246e-04
           3      3.868673e-01      3.943934e-01      3.080489e-03
           4      3.929756e-01      3.940390e-01      2.330669e-03
           5      4.031940e-01      3.958700e-01      2.481648e-03
           6      4.039952e-01      3.972242e-01      2.409356e-03
           7      3.903835e-01      3.962470e-01      2.254655e-03
           8      4.017233e-01      3.969315e-01      2.074139e-03
           9      3.929894e-01      3.964935e-01      1.889362e-03
          10      3.922795e-01      3.960721e-01      1.746787e-03
          11      4.096152e-01      3.973033e-01      1.974774e-03
          12      3.903387e-01      3.967229e-01      1.893576e-03
          13      3.869152e-01      3.959685e-01      1.892248e-03
          14      3.963396e-01      3.959950e-01      1.757273e-03
          15      3.945842e-01      3.959009e-01      1.642637e-03
          16      3.885082e-01      3.954389e-01      1.603639e-03
          17      4.003515e-01      3.957279e-01      1.535124e-03
          18      3.988258e-01      3.959000e-01      1.459455e-03
          19      3.892238e-01      3.955486e-01      1.424313e-03
          20      3.758703e-01      3.945647e-01      1.658479e-03
           1      4.420275e-01      4.420275e-01      0.000000e+00
           2      4.474385e-01      4.447330e-01      1.913067e-03
           3      4.362725e-01      4.419128e-01      2.632273e-03
           4      4.478806e-01      4.434048e-01      2.359427e-03
           5      4.426583e-01      4.432555e-01      1.892259e-03
           6      4.367049e-01      4.421637e-01      1.865438e-03
           7      4.315946e-01      4.406538e-01      2.123837e-03
           8      4.461253e-01      4.413378e-01      1.965398e-03
           9      4.343452e-01      4.405608e-01      1.894378e-03
          10      4.279339e-01      4.392981e-01      2.083690e-03
          11      4.402489e-01      4.393846e-01      1.896055e-03
          12      4.355174e-01      4.390623e-01      1.765225e-03
          13      4.281254e-01      4.382210e-01      1.818903e-03
          14      4.463883e-01      4.388044e-01      1.780078e-03
          15      4.392617e-01      4.388349e-01      1.661667e-03
          16      4.382619e-01      4.387991e-01      1.558199e-03
          17      4.214972e-01      4.377813e-01      1.767948e-03
          18      4.306441e-01      4.373848e-01      1.713615e-03
          19      4.444513e-01      4.377567e-01      1.663297e-03
          20      4.333847e-01      4.375381e-01      1.594432e-03
           1      4.215448e-01      4.215448e-01      0.000000e+00
           2      4.226457e-01      4.220952e-01      3.892100e-04
           3      4.223232e-01      4.221712e-01      2.667893e-04
           4      4.429931e-01      4.273767e-01      4.512505e-03
           5      4.352562e-01      4.289526e-01      3.875420e-03
           6      4.342588e-01      4.298370e-01      3.328895e-03
           7      4.291351e-01      4.297367e-01      2.854848e-03
           8      4.262426e-01      4.292999e-01      2.531181e-03
           9      4.308961e-01      4.294773e-01      2.256143e-03
          10      4.473159e-01      4.312611e-01      2.643291e-03
          11      4.685425e-01      4.346504e-01      4.027017e-03
          12      4.426504e-01      4.353170e-01      3.746210e-03
          13      4.450736e-01      4.360675e-01      3.532416e-03
          14      4.214984e-01      4.350269e-01      3.429965e-03
          15      4.404824e-01      4.353906e-01      3.220526e-03
          16      4.191518e-01      4.343757e-01      3.175141e-03
          17      4.491329e-01      4.352437e-01      3.104765e-03
          18      4.645505e-01      4.368719e-01      3.331947e-03
          19      4.517991e-01      4.376575e-01      3.247885e-03
          20      4.625303e-01      4.389012e-01      3.315051e-03
           1      2.763874e-01      2.763874e-01      0.000000e+00
           2      3.452617e-01      3.108245e-01      2.435072e-02
           3      3.434998e-01      3.217163e-01      1.851009e-02
           4      3.086307e-01      3.184449e-01      1.416870e-02
           5      3.534625e-01      3.254484e-01      1.295071e-02
           6      3.300524e-01      3.262157e-01      1.081496e-02
           7      2.916678e-01      3.212803e-01      1.033494e-02
           8      3.329817e-01      3.227430e-01      9.145992e-03
           9      3.151222e-01      3.218962e-01      8.168874e-03
          10      3.989584e-01      3.296025e-01      1.036817e-02
          11      3.096684e-01      3.277903e-01      9.582668e-03
          12      3.810381e-01      3.322276e-01      9.757540e-03
          13      3.588095e-01      3.342723e-01      9.218719e-03
          14      3.209718e-01      3.333223e-01      8.609053e-03
          15      3.019644e-01      3.312318e-01      8.285049e-03
          16      3.490087e-01      3.323428e-01      7.841378e-03
          17      3.069691e-01      3.308503e-01      7.520832e-03
          18      2.774652e-01      3.278844e-01      7.665523e-03
          19      3.366719e-01      3.283469e-01      7.276013e-03
          20      3.667476e-01      3.302670e-01      7.161067e-03
