#     BLOCK:   ACTUAL_X:     X_AVE:       ERROR:
           1      8.973488e-01      8.973488e-01      0.000000e+00
           2      8.908960e-01      8.941224e-01      2.281409e-03
           3      8.851456e-01      8.911301e-01      2.877910e-03
           4      9.021952e-01      8.938964e-01      3.224593e-03
           5      9.131760e-01      8.977523e-01      4.306880e-03
           6      8.845696e-01      8.955552e-01      4.111469e-03
           7      9.193264e-01      8.989511e-01      4.722711e-03
           8      8.982560e-01      8.988642e-01      4.133172e-03
           9      8.766480e-01      8.963957e-01      4.349029e-03
          10      8.935360e-01      8.961098e-01      3.923517e-03
          11      9.148032e-01      8.978092e-01      3.917618e-03
          12      8.973088e-01      8.977675e-01      3.591372e-03
          13      8.738608e-01      8.959285e-01      3.756549e-03
          14      8.997024e-01      8.961981e-01      3.497882e-03
          15      8.701584e-01      8.944621e-01      3.670274e-03
          16      9.104992e-01      8.954644e-01      3.575125e-03
          17      8.725488e-01      8.941164e-01      3.610013e-03
          18      8.880896e-01      8.937816e-01      3.424949e-03
          19      8.940064e-01      8.937934e-01      3.244709e-03
          20      8.924368e-01      8.937256e-01      3.083183e-03
           1      1.046510e+00      1.046510e+00      0.000000e+00
           2      1.003504e+00      1.025007e+00      1.520464e-02
           3      1.026699e+00      1.025571e+00      1.014688e-02
           4      1.060052e+00      1.034191e+00      1.066052e-02
           5      1.042830e+00      1.035919e+00      8.667276e-03
           6      1.022974e+00      1.033761e+00      7.486445e-03
           7      1.057597e+00      1.037166e+00      7.149481e-03
           8      1.032306e+00      1.036559e+00      6.281557e-03
           9      1.056078e+00      1.038728e+00      5.946241e-03
          10      1.061353e+00      1.040990e+00      5.766016e-03
          11      1.034188e+00      1.040372e+00      5.274891e-03
          12      1.012402e+00      1.038041e+00      5.325446e-03
          13      1.041880e+00      1.038336e+00      4.923978e-03
          14      1.002332e+00      1.035765e+00      5.200669e-03
          15      1.048306e+00      1.036601e+00      4.920708e-03
          16      1.016238e+00      1.035328e+00      4.774903e-03
          17      1.036896e+00      1.035420e+00      4.494916e-03
          18      1.038103e+00      1.035569e+00      4.247668e-03
          19      1.046720e+00      1.036156e+00      4.064448e-03
          20      1.034423e+00      1.036069e+00      3.862150e-03
           1      1.250895e+00      1.250895e+00      0.000000e+00
           2      1.239053e+00      1.244974e+00      4.186746e-03
           3      1.242040e+00      1.243996e+00      2.903166e-03
           4      1.205619e+00      1.234402e+00      8.589453e-03
           5      1.253284e+00      1.238178e+00      7.656841e-03
           6      1.204789e+00      1.232613e+00      8.156015e-03
           7      1.247122e+00      1.234686e+00      7.249445e-03
           8      1.222330e+00      1.233141e+00      6.505725e-03
           9      1.246398e+00      1.234614e+00      5.947277e-03
          10      1.224051e+00      1.233558e+00      5.445546e-03
          11      1.234661e+00      1.233658e+00      4.951419e-03
          12      1.236573e+00      1.233901e+00      4.544755e-03
          13      1.232983e+00      1.233831e+00      4.195708e-03
          14      1.246621e+00      1.234744e+00      3.994242e-03
          15      1.221210e+00      1.233842e+00      3.828520e-03
          16      1.246650e+00      1.234642e+00      3.671967e-03
          17      1.218716e+00      1.233706e+00      3.573479e-03
          18      1.266884e+00      1.235549e+00      3.820874e-03
          19      1.216785e+00      1.234561e+00      3.745231e-03
          20      1.229547e+00      1.234310e+00      3.566352e-03
           1      1.481956e+00      1.481956e+00      0.000000e+00
           2      1.509718e+00      1.495837e+00      9.815386e-03
           3      1.486989e+00      1.492888e+00      6.972575e-03
           4      1.556952e+00      1.508904e+00      1.482330e-02
           5      1.531360e+00      1.513395e+00      1.252056e-02
           6      1.463093e+00      1.505011e+00      1.293973e-02
           7      1.519179e+00      1.507035e+00      1.124837e-02
           8      1.513259e+00      1.507813e+00      9.869190e-03
           9      1.470427e+00      1.503659e+00      9.607132e-03
          10      1.531669e+00      1.506460e+00      9.045538e-03
          11      1.472627e+00      1.503384e+00      8.730481e-03
          12      1.539655e+00      1.506407e+00      8.510075e-03
          13      1.497749e+00      1.505741e+00      7.881469e-03
          14      1.526491e+00      1.507223e+00      7.456559e-03
          15      1.525213e+00      1.508422e+00      7.055243e-03
          16      1.520389e+00      1.509170e+00      6.653817e-03
          17      1.524848e+00      1.510093e+00      6.326005e-03
          18      1.528177e+00      1.511097e+00      6.053815e-03
          19      1.491848e+00      1.510084e+00      5.819346e-03
          20      1.518084e+00      1.510484e+00      5.542109e-03
           1      1.963908e+00      1.963908e+00      0.000000e+00
           2      1.924162e+00      1.944035e+00      1.405229e-02
           3      1.913664e+00      1.933911e+00      1.249369e-02
           4      1.929496e+00      1.932808e+00      9.418893e-03
           5      1.945085e+00      1.935263e+00      7.848643e-03
           6      1.945887e+00      1.937034e+00      6.737308e-03
           7      1.894195e+00      1.930914e+00      8.090126e-03
           8      1.928254e+00      1.930581e+00      7.085689e-03
           9      1.883551e+00      1.925356e+00      7.996438e-03
          10      1.900073e+00      1.922828e+00      7.585965e-03
          11      1.940522e+00      1.924436e+00      7.064829e-03
          12      1.863024e+00      1.919318e+00      8.120852e-03
          13      1.851758e+00      1.914121e+00      9.006866e-03
          14      1.922002e+00      1.914684e+00      8.381091e-03
          15      1.918285e+00      1.914924e+00      7.825787e-03
          16      1.935271e+00      1.916196e+00      7.439275e-03
          17      1.852254e+00      1.912435e+00      7.895472e-03
          18      1.922247e+00      1.912980e+00      7.475630e-03
          19      1.891101e+00      1.911828e+00      7.170314e-03
          20      1.919369e+00      1.912205e+00      6.821705e-03
           1      2.598835e+00      2.598835e+00      0.000000e+00
           2      2.498672e+00      2.548753e+00      3.541285e-02
           3      2.503296e+00      2.533601e+00      2.665387e-02
           4      2.582611e+00      2.545853e+00      2.263201e-02
           5      2.471896e+00      2.531062e+00      2.242416e-02
           6      2.555760e+00      2.535178e+00      1.906087e-02
           7      2.563864e+00      2.539276e+00      1.677263e-02
           8      2.593723e+00      2.546082e+00      1.599736e-02
           9      2.472581e+00      2.537915e+00      1.617065e-02
          10      2.547984e+00      2.538922e+00      1.458490e-02
          11      2.489848e+00      2.534461e+00      1.392461e-02
          12      2.490944e+00      2.530834e+00      1.322801e-02
          13      2.554485e+00      2.532654e+00      1.233495e-02
          14      2.510984e+00      2.531106e+00      1.155059e-02
          15      2.504976e+00      2.529364e+00      1.091111e-02
          16      2.620029e+00      2.535031e+00      1.160772e-02
          17      2.544653e+00      2.535597e+00      1.093871e-02
          18      2.533405e+00      2.535475e+00      1.033168e-02
          19      2.510749e+00      2.534173e+00      9.869524e-03
          20      2.468744e+00      2.530902e+00      9.903418e-03
           1      3.593535e+00      3.593535e+00      0.000000e+00
           2      3.587566e+00      3.590551e+00      2.110442e-03
           3      3.615966e+00      3.599023e+00      7.058830e-03
           4      3.576083e+00      3.593288e+00      7.259084e-03
           5      3.627508e+00      3.600132e+00      8.437809e-03
           6      3.497498e+00      3.583026e+00      1.712527e-02
           7      3.543302e+00      3.577351e+00      1.559075e-02
           8      3.519486e+00      3.570118e+00      1.522761e-02
           9      3.416631e+00      3.553064e+00      2.101765e-02
          10      3.597542e+00      3.557512e+00      1.938079e-02
          11      3.677311e+00      3.568403e+00      2.045124e-02
          12      3.610803e+00      3.571936e+00      1.904976e-02
          13      3.447745e+00      3.562383e+00      1.983567e-02
          14      3.691785e+00      3.571626e+00      2.045932e-02
          15      3.561154e+00      3.570928e+00      1.910728e-02
          16      3.512077e+00      3.567249e+00      1.826367e-02
          17      3.566840e+00      3.567225e+00      1.718935e-02
          18      3.580289e+00      3.567951e+00      1.624970e-02
          19      3.633763e+00      3.571415e+00      1.575930e-02
          20      3.605477e+00      3.573118e+00      1.506308e-02
           1      5.521804e+00      5.521804e+00      0.000000e+00
           2      5.717702e+00      5.619753e+00      6.926047e-02
           3      5.682775e+00      5.640760e+00      4.925656e-02
           4      5.417807e+00      5.585022e+00      6.078488e-02
           5      5.540807e+00      5.576179e+00      4.926693e-02
           6      5.422556e+00      5.550575e+00      4.724268e-02
           7      5.621549e+00      5.560714e+00      4.156751e-02
           8      5.459135e+00      5.548017e+00      3.826177e-02
           9      5.663964e+00      5.560900e+00      3.611429e-02
          10      5.617022e+00      5.566512e+00      3.293604e-02
          11      5.739396e+00      5.582229e+00      3.348246e-02
          12      5.672920e+00      5.589786e+00      3.153367e-02
          13      5.349731e+00      5.571321e+00      3.408859e-02
          14      5.703495e+00      5.580762e+00      3.293512e-02
          15      5.532007e+00      5.577511e+00      3.089941e-02
          16      5.583862e+00      5.577908e+00      2.897075e-02
          17      5.917015e+00      5.597856e+00      3.343592e-02
          18      5.625927e+00      5.599415e+00      3.161472e-02
          19      5.640116e+00      5.601557e+00      3.002327e-02
          20      5.799502e+00      5.611455e+00      3.010927e-02
           1      1.086446e+01      1.086446e+01      0.000000e+00
           2      1.063719e+01      1.075082e+01      8.035247e-02
           3      1.084226e+01      1.078130e+01      5.906706e-02
           4      1.090672e+01      1.081266e+01      5.196051e-02
           5      1.050158e+01      1.075044e+01      6.945868e-02
           6      1.029497e+01      1.067453e+01      9.029166e-02
           7      1.024058e+01      1.061254e+01      9.635243e-02
           8      1.019212e+01      1.055998e+01      9.759337e-02
           9      1.026947e+01      1.052771e+01      9.193303e-02
          10      9.937987e+00      1.046873e+01      9.987879e-02
          11      1.011862e+01      1.043691e+01      9.573602e-02
          12      1.001921e+01      1.040210e+01      9.387279e-02
          13      9.697462e+00      1.034789e+01      1.010963e-01
          14      1.003140e+01      1.032529e+01      9.636965e-02
          15      1.051987e+01      1.033826e+01      9.081390e-02
          16      1.078654e+01      1.036628e+01      8.935545e-02
          17      1.060797e+01      1.038049e+01      8.522278e-02
          18      9.921116e+00      1.035497e+01      8.422283e-02
          19      1.016194e+01      1.034481e+01      8.040047e-02
          20      1.063520e+01      1.035933e+01      7.768035e-02
           1      2.363218e+01      2.363218e+01      0.000000e+00
           2      2.340205e+01      2.351711e+01      8.136375e-02
           3      2.556851e+01      2.420091e+01      5.609499e-01
           4      2.417452e+01      2.419431e+01      4.207512e-01
           5      2.531806e+01      2.441906e+01      3.920583e-01
           6      2.465387e+01      2.445820e+01      3.286627e-01
           7      2.648286e+01      2.474744e+01      3.886751e-01
           8      2.359435e+01      2.460330e+01      3.658414e-01
           9      2.659867e+01      2.482501e+01      3.865783e-01
          10      2.476441e+01      2.481895e+01      3.479680e-01
          11      2.432670e+01      2.477420e+01      3.191990e-01
          12      2.504671e+01      2.479691e+01      2.934058e-01
          13      2.356568e+01      2.470220e+01      2.857134e-01
          14      2.323921e+01      2.459770e+01      2.837727e-01
          15      2.548507e+01      2.465686e+01      2.709507e-01
          16      2.368282e+01      2.459598e+01      2.607656e-01
          17      2.591416e+01      2.467352e+01      2.566962e-01
          18      2.877920e+01      2.490161e+01      3.284982e-01
          19      2.659997e+01      2.499100e+01      3.231416e-01
          20      2.447469e+01      2.496518e+01      3.080140e-01
           1      8.283348e+01      8.283348e+01      0.000000e+00
           2      7.488533e+01      7.885940e+01      2.810096e+00
           3      7.876297e+01      7.882726e+01      1.873581e+00
           4      7.945383e+01      7.898390e+01      1.411719e+00
           5      7.401153e+01      7.798943e+01      1.437593e+00
           6      7.871761e+01      7.811079e+01      1.203106e+00
           7      8.336485e+01      7.886137e+01      1.243516e+00
           8      7.828950e+01      7.878989e+01      1.090129e+00
           9      7.794838e+01      7.869639e+01      9.730048e-01
          10      6.858814e+01      7.768556e+01      1.298633e+00
          11      8.167450e+01      7.804819e+01      1.230164e+00
          12      6.999966e+01      7.737748e+01      1.297676e+00
          13      7.774001e+01      7.740537e+01      1.198154e+00
          14      7.837034e+01      7.747429e+01      1.114552e+00
          15      8.097706e+01      7.770781e+01      1.064431e+00
          16      7.980137e+01      7.783866e+01      1.005914e+00
          17      8.171826e+01      7.806687e+01      9.722853e-01
          18      8.297089e+01      7.833932e+01      9.556786e-01
          19      7.746848e+01      7.829348e+01      9.064781e-01
          20      7.701414e+01      7.822952e+01      8.634083e-01
