#     BLOCK:   ACTUAL_TE:    TE_AVE:      ERROR:
           1     -3.805840e-01     -3.805840e-01      0.000000e+00
           2     -3.784240e-01     -3.795040e-01      7.636753e-04
           3     -3.778760e-01     -3.789613e-01      6.749257e-04
           4     -3.817000e-01     -3.796460e-01      7.796211e-04
           5     -3.793920e-01     -3.795952e-01      6.253497e-04
           6     -3.798480e-01     -3.796373e-01      5.225422e-04
           7     -3.822040e-01     -3.800040e-01      5.620023e-04
           8     -3.824280e-01     -3.803070e-01      5.675851e-04
           9     -3.805640e-01     -3.803356e-01      5.052379e-04
          10     -3.791240e-01     -3.802144e-01      4.690157e-04
          11     -3.812520e-01     -3.803087e-01      4.357601e-04
          12     -3.787600e-01     -3.801797e-01      4.181224e-04
          13     -3.790600e-01     -3.800935e-01      3.947301e-04
          14     -3.798880e-01     -3.800789e-01      3.668081e-04
          15     -3.803800e-01     -3.800989e-01      3.429032e-04
          16     -3.805400e-01     -3.801265e-01      3.225779e-04
          17     -3.789400e-01     -3.800567e-01      3.110615e-04
          18     -3.815200e-01     -3.801380e-01      3.042178e-04
          19     -3.812320e-01     -3.801956e-01      2.936047e-04
          20     -3.800400e-01     -3.801878e-01      2.790275e-04
           1     -4.118000e-01     -4.118000e-01      0.000000e+00
           2     -4.103120e-01     -4.110560e-01      5.260874e-04
           3     -4.088080e-01     -4.103067e-01      7.052245e-04
           4     -4.096880e-01     -4.101520e-01      5.456152e-04
           5     -4.090880e-01     -4.099392e-01      4.761854e-04
           6     -4.091360e-01     -4.098053e-01      4.152115e-04
           7     -4.093360e-01     -4.097383e-01      3.612684e-04
           8     -4.097840e-01     -4.097440e-01      3.161550e-04
           9     -4.097680e-01     -4.097467e-01      2.810379e-04
          10     -4.081680e-01     -4.095888e-01      2.939479e-04
          11     -4.087600e-01     -4.095135e-01      2.767133e-04
          12     -4.074600e-01     -4.093423e-01      3.019645e-04
          13     -4.093440e-01     -4.093425e-01      2.787365e-04
          14     -4.097280e-01     -4.093700e-01      2.601835e-04
          15     -4.088680e-01     -4.093365e-01      2.449809e-04
          16     -4.108360e-01     -4.094302e-01      2.469453e-04
          17     -4.100720e-01     -4.094680e-01      2.352868e-04
          18     -4.100440e-01     -4.095000e-01      2.243808e-04
          19     -4.097000e-01     -4.095105e-01      2.128181e-04
          20     -4.091000e-01     -4.094900e-01      2.031647e-04
           1     -4.443080e-01     -4.443080e-01      0.000000e+00
           2     -4.446320e-01     -4.444700e-01      1.145513e-04
           3     -4.450280e-01     -4.446560e-01      1.699882e-04
           4     -4.432240e-01     -4.442980e-01      3.352268e-04
           5     -4.441440e-01     -4.442672e-01      2.695926e-04
           6     -4.409200e-01     -4.437093e-01      5.566133e-04
           7     -4.440400e-01     -4.437566e-01      4.790974e-04
           8     -4.418640e-01     -4.435200e-01      4.740332e-04
           9     -4.421160e-01     -4.433640e-01      4.462944e-04
          10     -4.430640e-01     -4.433340e-01      4.026720e-04
          11     -4.439520e-01     -4.433902e-01      3.699640e-04
          12     -4.441680e-01     -4.434550e-01      3.447650e-04
          13     -4.431160e-01     -4.434289e-01      3.192293e-04
          14     -4.428440e-01     -4.433871e-01      2.991488e-04
          15     -4.425040e-01     -4.433283e-01      2.849404e-04
          16     -4.434320e-01     -4.433348e-01      2.672054e-04
          17     -4.443280e-01     -4.433932e-01      2.577960e-04
          18     -4.429720e-01     -4.433698e-01      2.445336e-04
          19     -4.428840e-01     -4.433442e-01      2.329961e-04
          20     -4.427880e-01     -4.433164e-01      2.229999e-04
           1     -4.822880e-01     -4.822880e-01      0.000000e+00
           2     -4.830840e-01     -4.826860e-01      2.814285e-04
           3     -4.814800e-01     -4.822840e-01      3.780700e-04
           4     -4.830480e-01     -4.824750e-01      3.282724e-04
           5     -4.841200e-01     -4.828040e-01      3.944122e-04
           6     -4.822360e-01     -4.827093e-01      3.398479e-04
           7     -4.819520e-01     -4.826011e-01      3.080384e-04
           8     -4.831440e-01     -4.826690e-01      2.769068e-04
           9     -4.838680e-01     -4.828022e-01      2.763345e-04
          10     -4.838920e-01     -4.829112e-01      2.693339e-04
          11     -4.818160e-01     -4.828116e-01      2.626076e-04
          12     -4.826880e-01     -4.828013e-01      2.409257e-04
          13     -4.841400e-01     -4.829043e-01      2.434064e-04
          14     -4.824240e-01     -4.828700e-01      2.284252e-04
          15     -4.818800e-01     -4.828040e-01      2.225275e-04
          16     -4.832160e-01     -4.828298e-01      2.101041e-04
          17     -4.839480e-01     -4.828955e-01      2.077872e-04
          18     -4.822600e-01     -4.828602e-01      1.992206e-04
          19     -4.821840e-01     -4.828246e-01      1.918881e-04
          20     -4.823560e-01     -4.828012e-01      1.837187e-04
           1     -5.288360e-01     -5.288360e-01      0.000000e+00
           2     -5.290000e-01     -5.289180e-01      5.798276e-05
           3     -5.293280e-01     -5.290547e-01      1.180935e-04
           4     -5.286560e-01     -5.289550e-01      1.236719e-04
           5     -5.288920e-01     -5.289424e-01      9.957735e-05
           6     -5.302640e-01     -5.291627e-01      2.175248e-04
           7     -5.294920e-01     -5.292097e-01      1.914701e-04
           8     -5.286680e-01     -5.291420e-01      1.791103e-04
           9     -5.297560e-01     -5.292102e-01      1.717111e-04
          10     -5.307040e-01     -5.293596e-01      2.096782e-04
          11     -5.289960e-01     -5.293265e-01      1.932044e-04
          12     -5.273760e-01     -5.291640e-01      2.357649e-04
          13     -5.262960e-01     -5.289434e-01      3.037922e-04
          14     -5.297440e-01     -5.290006e-01      2.874248e-04
          15     -5.289600e-01     -5.289979e-01      2.682759e-04
          16     -5.302880e-01     -5.290785e-01      2.633476e-04
          17     -5.282360e-01     -5.290289e-01      2.524767e-04
          18     -5.278920e-01     -5.289658e-01      2.462245e-04
          19     -5.298920e-01     -5.290145e-01      2.380421e-04
          20     -5.278000e-01     -5.289538e-01      2.337576e-04
           1     -5.833040e-01     -5.833040e-01      0.000000e+00
           2     -5.817560e-01     -5.825300e-01      5.473006e-04
           3     -5.828520e-01     -5.826373e-01      3.752443e-04
           4     -5.816480e-01     -5.823900e-01      3.536736e-04
           5     -5.826960e-01     -5.824512e-01      2.881853e-04
           6     -5.826680e-01     -5.824873e-01      2.424091e-04
           7     -5.811840e-01     -5.823011e-01      2.699753e-04
           8     -5.834720e-01     -5.824475e-01      2.730324e-04
           9     -5.847760e-01     -5.827062e-01      3.440942e-04
          10     -5.833160e-01     -5.827672e-01      3.150415e-04
          11     -5.839360e-01     -5.828735e-01      3.037917e-04
          12     -5.820440e-01     -5.828043e-01      2.862312e-04
          13     -5.821920e-01     -5.827572e-01      2.680611e-04
          14     -5.824920e-01     -5.827383e-01      2.495824e-04
          15     -5.823080e-01     -5.827096e-01      2.345863e-04
          16     -5.847880e-01     -5.828395e-01      2.533500e-04
          17     -5.832360e-01     -5.828628e-01      2.395183e-04
          18     -5.836760e-01     -5.829080e-01      2.304328e-04
          19     -5.846760e-01     -5.830011e-01      2.363472e-04
          20     -5.828000e-01     -5.829910e-01      2.247436e-04
           1     -6.472720e-01     -6.472720e-01      0.000000e+00
           2     -6.450120e-01     -6.461420e-01      7.990307e-04
           3     -6.488440e-01     -6.470427e-01      9.080506e-04
           4     -6.458680e-01     -6.467490e-01      7.269751e-04
           5     -6.463400e-01     -6.466672e-01      5.861641e-04
           6     -6.461680e-01     -6.465840e-01      4.943395e-04
           7     -6.468360e-01     -6.466200e-01      4.250284e-04
           8     -6.470560e-01     -6.466745e-01      3.753778e-04
           9     -6.449400e-01     -6.464818e-01      3.799343e-04
          10     -6.472720e-01     -6.465608e-01      3.500623e-04
          11     -6.456080e-01     -6.464742e-01      3.287801e-04
          12     -6.461040e-01     -6.464433e-01      3.028255e-04
          13     -6.472840e-01     -6.465080e-01      2.863526e-04
          14     -6.472000e-01     -6.465574e-01      2.701312e-04
          15     -6.472760e-01     -6.466053e-01      2.563350e-04
          16     -6.452040e-01     -6.465178e-01      2.548377e-04
          17     -6.434400e-01     -6.463367e-01      2.972804e-04
          18     -6.450960e-01     -6.462678e-01      2.886451e-04
          19     -6.451520e-01     -6.462091e-01      2.793632e-04
          20     -6.449240e-01     -6.461448e-01      2.726839e-04
           1     -7.222560e-01     -7.222560e-01      0.000000e+00
           2     -7.205440e-01     -7.214000e-01      6.052834e-04
           3     -7.217120e-01     -7.215040e-01      4.123601e-04
           4     -7.206240e-01     -7.212840e-01      3.632465e-04
           5     -7.180040e-01     -7.206280e-01      6.547637e-04
           6     -7.188880e-01     -7.203380e-01      6.064672e-04
           7     -7.193680e-01     -7.201994e-01      5.354261e-04
           8     -7.186520e-01     -7.200060e-01      5.022231e-04
           9     -7.188440e-01     -7.198769e-01      4.627189e-04
          10     -7.207720e-01     -7.199664e-01      4.250166e-04
          11     -7.179720e-01     -7.197851e-01      4.232884e-04
          12     -7.221640e-01     -7.199833e-01      4.319493e-04
          13     -7.210640e-01     -7.200665e-01      4.066427e-04
          14     -7.216800e-01     -7.201817e-01      3.935908e-04
          15     -7.192920e-01     -7.201224e-01      3.717939e-04
          16     -7.221960e-01     -7.202520e-01      3.704568e-04
          17     -7.230680e-01     -7.204176e-01      3.839171e-04
          18     -7.220240e-01     -7.205069e-01      3.728163e-04
          19     -7.209720e-01     -7.205314e-01      3.539971e-04
          20     -7.235240e-01     -7.206810e-01      3.665597e-04
           1     -8.065080e-01     -8.065080e-01      0.000000e+00
           2     -8.061560e-01     -8.063320e-01      1.244508e-04
           3     -8.058160e-01     -8.061600e-01      1.631141e-04
           4     -8.078800e-01     -8.065900e-01      3.919707e-04
           5     -8.080880e-01     -8.068896e-01      4.124783e-04
           6     -8.059280e-01     -8.067293e-01      3.735721e-04
           7     -8.045440e-01     -8.064171e-01      4.313591e-04
           8     -8.039560e-01     -8.061095e-01      4.746303e-04
           9     -8.049080e-01     -8.059760e-01      4.402684e-04
          10     -8.034800e-01     -8.057264e-01      4.616032e-04
          11     -8.040160e-01     -8.055709e-01      4.450580e-04
          12     -8.034840e-01     -8.053970e-01      4.406397e-04
          13     -8.021280e-01     -8.051455e-01      4.730854e-04
          14     -8.074960e-01     -8.053134e-01      4.681374e-04
          15     -8.050080e-01     -8.052931e-01      4.373708e-04
          16     -8.053960e-01     -8.052995e-01      4.100824e-04
          17     -8.058160e-01     -8.053299e-01      3.870838e-04
          18     -8.028080e-01     -8.051898e-01      3.901114e-04
          19     -8.042200e-01     -8.051387e-01      3.729033e-04
          20     -8.039960e-01     -8.050816e-01      3.586087e-04
           1     -8.923960e-01     -8.923960e-01      0.000000e+00
           2     -8.910920e-01     -8.917440e-01      4.610336e-04
           3     -8.941800e-01     -8.925560e-01      7.307737e-04
           4     -8.903280e-01     -8.919990e-01      7.301224e-04
           5     -8.912040e-01     -8.918400e-01      6.011615e-04
           6     -8.916320e-01     -8.918053e-01      5.019665e-04
           7     -8.965480e-01     -8.924829e-01      7.606462e-04
           8     -8.928040e-01     -8.925230e-01      6.666239e-04
           9     -8.934320e-01     -8.926240e-01      6.001570e-04
          10     -8.923800e-01     -8.925996e-01      5.406371e-04
          11     -8.903520e-01     -8.923953e-01      5.286917e-04
          12     -8.917280e-01     -8.923397e-01      4.875495e-04
          13     -8.885720e-01     -8.920498e-01      5.292219e-04
          14     -8.896600e-01     -8.918791e-01      5.182202e-04
          15     -8.941560e-01     -8.920309e-01      5.054138e-04
          16     -8.908440e-01     -8.919568e-01      4.792387e-04
          17     -8.920440e-01     -8.919619e-01      4.510757e-04
          18     -8.952120e-01     -8.921424e-01      4.607396e-04
          19     -8.917800e-01     -8.921234e-01      4.368849e-04
          20     -8.891040e-01     -8.919724e-01      4.403528e-04
           1     -9.783080e-01     -9.783080e-01      0.000000e+00
           2     -9.701080e-01     -9.742080e-01      2.899138e-03
           3     -9.734440e-01     -9.739533e-01      1.943912e-03
           4     -9.749200e-01     -9.741950e-01      1.472879e-03
           5     -9.687480e-01     -9.731056e-01      1.528997e-03
           6     -9.737280e-01     -9.732093e-01      1.277678e-03
           7     -9.790720e-01     -9.740469e-01      1.341864e-03
           8     -9.732080e-01     -9.739420e-01      1.178221e-03
           9     -9.739280e-01     -9.739404e-01      1.047308e-03
          10     -9.630080e-01     -9.728472e-01      1.401470e-03
          11     -9.762720e-01     -9.731585e-01      1.308190e-03
          12     -9.656080e-01     -9.725293e-01      1.341989e-03
          13     -9.721800e-01     -9.725025e-01      1.239028e-03
          14     -9.740720e-01     -9.726146e-01      1.155587e-03
          15     -9.770440e-01     -9.729099e-01      1.115639e-03
          16     -9.738880e-01     -9.729710e-01      1.047586e-03
          17     -9.769480e-01     -9.732049e-01      1.011747e-03
          18     -9.784920e-01     -9.734987e-01      9.972643e-04
          19     -9.720200e-01     -9.734208e-01      9.478085e-04
          20     -9.715040e-01     -9.733250e-01      9.052509e-04
