#   N_BLOCK:  ACCEPTANCE:
           14.740949e-01
           24.734028e-01
           34.735683e-01
           44.732213e-01
           54.732531e-01
           64.733803e-01
           74.733889e-01
           84.732912e-01
           94.732981e-01
          104.732024e-01
          114.731786e-01
          124.730648e-01
          134.729815e-01
          144.728895e-01
          154.729485e-01
          164.729137e-01
          174.728436e-01
          184.728706e-01
          194.729030e-01
          204.728252e-01
