0                  386.517           439.637
1                  361.823             404.6
2                  344.005           383.638
3                   311.57           361.571
4                  295.842           336.923
5                  283.293           313.457
6                  266.606           294.636
7                  262.114           281.145
8                  253.174           269.955
9                  243.928           261.425
10                  236.921           252.936
11                  230.489           245.908
12                  221.267           239.164
13                  215.955           231.988
14                  207.125            223.11
15                  201.718           214.969
16                  195.165           208.079
17                  190.694           201.051
18                  186.214           195.791
19                  180.908           191.545
20                  177.228           187.326
21                  171.824           183.811
22                  166.372           179.537
23                  161.719           173.517
24                  158.131           168.208
25                  153.075           163.033
26                  148.851           158.977
27                  143.428           154.116
28                  140.544            150.57
29                  138.068           145.801
30                  133.487            143.51
31                  128.298           140.574
32                   126.55           138.753
33                  122.326           135.435
34                  120.626            129.64
35                  118.075            126.17
36                  116.559           123.881
37                  114.951           121.116
38                  113.828           122.608
39                  112.445           121.216
40                  110.794            117.47
41                  109.128           114.912
42                   106.86           112.435
43                  106.363           110.028
44                  103.401           109.598
45                    101.8           108.495
46                  100.189           106.932
47                  100.061           105.137
48                  97.9803           103.128
49                  96.8534           101.268
50                  95.9914           99.5731
51                  94.6629           98.4809
52                  93.8523           97.7273
53                  92.4872           96.3926
54                  90.8207           95.4062
55                  90.1343           93.7968
56                   88.797           92.7468
57                  87.0512           91.6528
58                  86.3429           90.7871
59                  85.1058           89.3942
60                  84.7006           89.2377
61                   84.424           88.5661
62                  84.2145           87.6851
63                  83.2032           86.5518
64                  82.5479            85.894
65                  81.9128           85.2627
66                  81.5037           84.9632
67                  79.6239             84.18
68                  78.8851            83.061
69                   78.345           81.4145
70                  77.6002           80.7102
71                  77.3039           79.7942
72                  76.8309           79.5296
73                  76.7376           78.9972
74                   76.535           78.6122
75                  76.4613           78.2614
76                  76.1231           78.2146
77                   75.924           78.0535
78                  75.0827            78.606
79                  74.7513           78.7754
80                  74.6873           77.7877
81                  74.3681           77.5581
82                  74.3004           76.8218
83                  74.1581           76.3449
84                  73.7746           76.1724
85                  73.4555           76.8023
86                  73.1738           76.1771
87                   72.967           77.4471
88                  72.6208           76.6959
89                  72.5725           76.4175
90                  72.5558           76.3921
91                   72.169           76.8338
92                   72.169            76.023
93                   72.169           74.5693
94                  71.9284           74.0468
95                  71.4927           75.1607
96                  71.3051           75.1958
97                  71.3051           74.0007
98                  71.0652           73.1496
99                  70.9233           73.1292
100                    68.87           72.8446
101                  68.4929           72.4621
102                  68.4929            71.298
103                  68.4929            70.543
104                  68.4929           70.2479
105                  68.4929           70.2203
106                  68.4929           70.3675
107                  68.4929           70.3128
108                  68.4748           70.3055
109                  68.4748           70.1736
110                  68.4748           70.3416
111                  68.4748           70.2826
112                  68.4693           70.0634
113                  68.4693            70.246
114                  68.4693           70.0035
115                  68.4693           70.2884
116                  68.4693           70.1381
117                  68.4693           70.3376
118                  68.4693            70.293
119                  68.4693           70.2374
120                  68.4693           70.2613
121                  68.4693           70.1199
122                  68.4693           70.0663
123                  68.4693           70.0987
124                  68.4693           70.1775
125                  68.4693           70.2634
126                  68.2743            70.204
127                  68.2401           70.2475
128                  68.2401           70.2329
129                  68.2401           69.9996
130                  68.2401           70.0027
131                  68.2401           70.0556
132                  68.0274           69.9559
133                  67.6988           69.8976
134                  67.6988           69.4929
135                  67.6988            69.403
136                  67.6988           69.4945
137                  67.6988           69.3398
138                  67.6988           69.3985
139                  67.6988           69.5303
140                  66.6059           69.4257
141                  66.6059           73.3658
142                  66.4556           73.1153
143                  66.1413            69.767
144                  66.1413           68.4446
145                  66.1413           67.9522
146                  66.1413           67.7789
147                  66.1413           67.8572
148                  66.1413           67.8623
149                  66.1413            67.913
150                  66.1413           67.8279
151                  66.1413           67.8723
152                  66.1413           68.0549
153                  66.1413           67.9507
154                  66.1413           67.8318
155                  66.1413           67.8674
156                  66.1413           67.8606
157                  66.1413           67.7056
158                  66.1413            67.881
159                  66.1413           67.8371
160                  66.1413           67.8864
161                  66.1413           67.7814
162                  66.1413           67.8137
163                  66.1413           67.8174
164                  66.1413           67.9481
165                  66.1413           67.8642
166                  66.1413           67.8585
167                  66.1413           67.9359
168                  66.1413           67.7782
169                  66.1413            67.901
170                  66.1413           67.9988
171                  66.1413           67.9178
172                  66.1413           67.6581
173                  66.1413           67.8415
174                  66.1413           68.0355
175                  66.1413           68.0357
176                  66.1413           68.0052
177                  66.1413           67.9063
178                  66.1413           67.9845
179                  66.1413           67.8441
180                  65.9885            67.793
181                  65.9885           72.3797
182                  65.9885           72.1539
183                  65.9885           69.3891
184                  65.9885           68.2507
185                  65.9885           67.9144
186                  65.9885            67.695
187                  65.9885           67.7355
188                  65.9885           67.8117
189                  65.9885           67.6495
190                  65.9885           67.7277
191                  65.9885           67.7556
192                  65.9885           67.7577
193                  65.9885           67.5836
194                  65.9885           67.6358
195                  65.9885           67.8758
196                  65.9885           67.8566
197                  65.9885           67.6784
198                  65.9885           67.8688
199                  65.9885           67.7822
200                  65.4696           67.6472
201                  65.4696           67.5284
202                  65.4696            67.259
203                  65.4696            67.204
204                  65.4696           67.2528
205                  65.4696           67.2335
206                  65.4696           67.1016
207                  65.4696           67.2209
208                  65.4696           67.1574
209                  65.4696           67.1425
210                  65.4696           67.1645
211                  65.4696           67.3072
212                  65.4696           67.0223
213                  65.4696           67.1315
214                  65.4696           67.3616
215                  65.4696           67.1438
216                  65.4696           67.2411
217                  65.4696           67.2828
218                  65.4696            67.298
219                  65.4696           67.2792
220                  65.4696            67.442
221                  65.4696           67.2473
222                  65.4696           67.1236
223                  65.4696           67.0648
224                  65.4696           67.3816
225                  65.4696           67.3161
226                  65.4696           67.1092
227                  65.4696           67.2983
228                  65.4696           67.3311
229                  65.4696           67.1987
230                  65.4696           67.2354
231                  65.4696           67.1142
232                  65.4696           67.2973
233                  65.4696           67.1673
234                  65.4696           67.1916
235                  65.4696           67.2287
236                  65.4696           67.2568
237                  65.4696             67.22
238                  65.4696           67.2847
239                  65.4696           67.3308
240                  65.4696             67.41
241                  65.4696           67.3116
242                  65.4696           67.0579
243                  65.4696            67.039
244                  65.4696           67.1822
245                  65.4696           67.0734
246                  65.4696            67.021
247                  65.4696           67.2901
248                  65.4696           67.3654
249                  65.4696           67.1196
250                  65.4696            67.005
251                  65.4696           67.3042
252                  65.4696            67.355
253                  65.4696           67.2698
254                  65.4696           67.2669
255                  65.4696           67.3161
256                  65.4696           67.2178
257                  65.4696           67.1646
258                  65.4696           67.1634
259                  65.4696           67.3145
260                  65.4696           67.3755
261                  65.4696           67.5922
262                  65.4696           67.2028
263                  65.4696           67.1328
264                  65.4696           67.2073
265                  65.4696            67.234
266                  65.4696           67.2281
267                  65.4696           67.3655
268                  65.4696           67.2263
269                  65.4696           67.0961
270                  65.4696           67.2647
271                  65.4696           67.3059
272                  65.4696            67.023
273                  65.4696           67.1885
274                  65.4696           67.1166
275                  65.4696            67.206
276                  65.4696           67.2082
277                  65.4696           67.0705
278                  65.4696           67.2352
279                  65.4696           67.3149
280                  65.4696            66.899
281                  65.4696           67.2538
282                  65.4696            67.271
283                  65.4696           67.1727
284                  65.4696           67.2068
285                  65.4696            67.376
286                  65.4696            67.173
287                  65.4696           67.0793
288                  65.4696           67.2397
289                  65.4696           67.1433
290                  65.4696           67.2022
291                  65.4696           67.1036
292                  65.4696           67.0804
293                  65.4696            67.214
294                  65.4696           67.3137
295                  65.4696           67.1524
296                  65.4696           67.1636
297                  65.4696           67.0243
298                  65.4696            67.346
299                  65.4696           67.1148
300                  65.4696           67.1001
301                  65.4696           67.1038
302                  65.4696           67.1178
303                  65.4696           67.1756
304                  65.4696           67.1203
305                  65.4696           67.3189
306                  65.4696           67.1623
307                  65.4696           67.0694
308                  65.4696           67.1301
309                  65.4696           67.3293
310                  65.4696            67.272
311                  65.4696           67.1384
312                  65.4696           67.0272
313                  65.4696           67.0098
314                  65.4696           67.0228
315                  65.4696           67.0476
316                  65.4696           67.1339
317                  65.4696           67.0316
318                  65.4696           67.1132
319                  65.4696           67.3786
320                  65.4696           67.1101
321                  65.4696            67.152
322                  65.4696           67.1765
323                  65.4696           67.1358
324                  65.4696           67.3367
325                  65.4696           67.2197
326                  65.4696           67.1493
327                  65.4696           67.2425
328                  65.4696           67.2581
329                  65.4696           67.1687
330                  65.4696           67.0922
331                  65.4696           67.2221
332                  65.4696           67.0816
333                  65.4696            67.145
334                  65.4696            67.288
335                  65.4696           67.2623
336                  65.4696           67.1955
337                  65.4696           67.1747
338                  65.4696           67.1836
339                  65.4696           67.2091
340                  65.2615            67.095
341                  65.2615           66.9748
342                  65.2615           67.1915
343                  65.2615           67.0969
344                  65.2615           66.8823
345                  65.2615           67.0376
346                  65.2615           66.9575
347                  65.2615           67.0489
348                  65.2615           66.9438
349                  65.2615           67.0241
350                  65.2615           66.8657
351                  65.2615           66.8128
352                  65.2615             66.97
353                  65.2615           67.0521
354                  65.2615           66.9276
355                  65.2615            66.975
356                  65.2615           67.1127
357                  65.2615           66.9679
358                  65.2615           66.9758
359                  65.2615           67.2092
360                  65.2615           66.9297
361                  65.2615           66.9658
362                  65.2615           67.0187
363                  65.2615           67.0944
364                  65.2615           67.0048
365                  65.2615           67.0336
366                  65.2615            66.983
367                  65.2615           66.7901
368                  65.2615           66.9433
369                  65.2615           66.9542
370                  65.2615            67.005
371                  65.2615           67.0181
372                  65.2615           67.1111
373                  65.2615           66.9641
374                  65.2615           67.0117
375                  65.2615           66.8902
376                  65.2615           66.9612
377                  65.2615           66.8887
378                  65.2615           67.0733
379                  65.2615            66.967
380                  65.2615           67.0715
381                  65.2615           66.9689
382                  65.2615           67.1612
383                  65.2615            66.948
384                  65.2615           66.8724
385                  65.2615           66.9018
386                  65.2615           66.9267
387                  65.2615           66.8876
388                  65.2615           66.9104
389                  65.2615           66.9407
390                  65.2615           66.9049
391                  65.2615           66.9437
392                  65.2615           66.9363
393                  65.2615           66.8981
394                  65.2615           66.9746
395                  65.2615           66.9401
396                  65.2615           66.8626
397                  65.2615           66.8943
398                  65.2615           66.9156
399                  65.2615           66.8154
400                  65.2615           66.8801
401                  65.2615           66.9794
402                  65.2615           67.0498
403                  65.2615           66.9664
404                  65.2615            67.045
405                  65.2615           67.0385
406                  65.2615           66.7766
407                  65.2615            66.887
408                  65.2615           66.9439
409                  65.2615           66.9491
410                  65.2615           67.1294
411                  65.2615           66.9529
412                  65.2615           67.0101
413                  65.2615            67.106
414                  65.2615           66.9751
415                  65.2615           66.8387
416                  65.2615           66.8334
417                  65.2615           66.9638
418                  65.2615           67.0642
419                  65.2615           66.9862
420                  65.2615           66.9869
421                  65.2615           66.8971
422                  65.2615           67.0691
423                  65.2615           66.9948
424                  65.2615           67.0433
425                  65.2615           67.0633
426                  65.2615           66.9683
427                  65.2615           66.9946
428                  65.2615           67.0667
429                  65.2615           66.9573
430                  65.2615           67.0014
431                  65.2615           67.1307
432                  65.2615           67.0603
433                  65.2615           67.1026
434                  65.2615           67.1856
435                  65.2615           67.2079
436                  65.2615           66.9565
437                  65.2615           66.8268
438                  65.2615           66.8779
439                  65.2615           66.7225
440                  65.2615           66.9865
441                  65.2615           67.0979
442                  65.2615           66.9276
443                  65.2615           66.9885
444                  65.2615           66.9206
445                  65.2615           66.9943
446                  65.2615           66.9785
447                  65.2615           67.1704
448                  65.2615           66.8062
449                  65.2615           67.0727
450                  65.2615           67.0295
451                  65.2615           66.8048
452                  65.2615            66.913
453                  65.2615            66.895
454                  65.2615           66.9063
455                  65.2615           66.8635
456                  65.2615           66.8351
457                  65.2615           66.9082
458                  65.2615           66.9816
459                  65.2615            67.085
460                  65.2615            67.152
461                  65.2615            67.049
462                  65.2615           67.0143
463                  65.2615           66.9579
464                  65.2615            67.002
465                  65.2615            66.761
466                  65.2615           67.0788
467                  65.2615            66.996
468                  65.2615           66.9833
469                  65.2615            67.102
470                  65.2615           67.0515
471                  65.2615           66.9184
472                  65.2615           67.0207
473                  65.2615           66.9148
474                  65.2615           66.9169
475                  65.2615           67.1462
476                  65.2615           67.0917
477                  65.2615           67.0127
478                  65.2615           67.1344
479                  65.2615           66.8996
480                  65.2615           66.8371
481                  65.2615           67.0872
482                  65.2615           67.0922
483                  65.2615           66.9789
484                  65.2615           67.0987
485                  65.2615           67.1073
486                  65.2615           66.8878
487                  65.2615           67.0412
488                  65.2615           67.0996
489                  65.2615           67.2719
490                  65.2615           66.9981
491                  65.2615           67.1056
492                  65.2615           67.0291
493                  65.2615           66.8566
494                  65.2615           67.0115
495                  65.2615            66.966
496                  65.2615           66.9979
497                  65.2615           67.0682
498                  65.2615           66.8551
499                  65.2615           66.8571
