0                  379.456           440.764
1                  352.313           396.068
2                  326.861            364.99
3                  314.736           340.491
4                  290.968           324.489
5                  281.379            305.63
6                  271.828           291.437
7                  261.284           281.392
8                  252.239           271.855
9                  243.655           261.531
10                  236.702           252.646
11                  228.974           246.161
12                  221.004           240.017
13                  212.352           229.736
14                  205.951           221.424
15                  199.677           213.373
16                  192.838           205.799
17                  186.668           199.202
18                  181.487           192.328
19                  173.991           186.718
20                  167.431            180.64
21                  161.581           173.824
22                  154.507           167.498
23                  152.496           161.138
24                  148.955           157.367
25                  144.353            155.16
26                   141.72           151.465
27                   139.09           146.516
28                  136.297           143.655
29                  134.465           140.145
30                  131.901           137.669
31                  129.833           139.461
32                  127.589           137.139
33                  124.896           132.186
34                  122.578           129.144
35                  121.142           125.999
36                  119.457           124.589
37                  117.623           124.559
38                  114.678           122.219
39                  112.446           118.882
40                  110.775           115.998
41                  109.126           114.062
42                  107.242           112.086
43                  106.394           111.017
44                  105.529           110.064
45                   104.54           108.732
46                  102.166           107.363
47                  100.377           105.618
48                  98.8224           103.936
49                  97.5678           101.976
50                  96.3242           100.271
51                  95.3535           98.8785
52                  94.2755           97.9862
53                  93.0737           96.8884
54                  92.2504           95.4242
55                  91.3359           94.6237
56                  90.4019           93.8961
57                   89.403           93.0193
58                  88.7046           91.8893
59                  88.1958           91.2089
60                  87.6012           90.8065
61                  86.9976           90.0401
62                  86.0288           89.1535
63                  85.4943            88.839
64                  84.6875           88.4239
65                  83.6653           88.6764
66                  83.0038           87.9864
67                  82.4692           86.3547
68                  81.9347           85.7699
69                  81.3896           85.0637
70                  80.5885           84.4303
71                   80.282            84.081
72                  79.0346           83.4311
73                  78.6701           82.0026
74                  77.5865           80.9451
75                  77.0287           80.2223
76                  76.6641           79.2764
77                  76.5155           78.7106
78                  75.6499           78.3176
79                   75.295            78.265
80                  74.4321           77.4174
81                  72.3217           77.7741
82                  72.0947           75.9007
83                  72.0269           74.7351
84                  71.7385           73.9762
85                  71.6539            73.876
86                   71.312             73.56
87                  71.0579           73.2792
88                  70.8722           73.6171
89                  70.0964           77.2904
90                  70.0964           78.3834
91                  69.9492           75.3808
92                  69.8392             73.18
93                  69.7656           72.3868
94                  69.7474           71.8389
95                  69.4579           71.6773
96                  69.4343           71.9465
97                  69.4042           71.6272
98                  69.2389            71.459
99                  69.1509           71.1437
100                  68.9406           71.0602
101                  68.8833           70.7227
102                  68.8833           70.6065
103                  68.8833           70.8753
104                  68.8833           70.6202
105                  68.8833           70.4837
106                  68.8744           70.3481
107                  68.8405           70.5363
108                  68.5064           70.5307
109                  68.5064           70.4995
110                  68.5064           70.1548
111                  68.5064            70.231
112                  68.5064           70.3141
113                  68.2828           70.2417
114                  68.2619           70.1017
115                  68.2619           69.9827
116                  68.2619           70.0289
117                  68.2619            70.111
118                  68.2619           70.2853
119                  68.2619           69.8474
120                  67.2924           69.9132
121                  67.2924           74.1683
122                  67.2924           73.6323
123                  67.2924           70.8326
124                  67.2924            69.518
125                  67.2924           68.9334
126                  67.2743           69.1343
127                  67.2743           69.1394
128                  67.2743           68.9384
129                  67.2743           68.9609
130                  67.2743           69.0503
131                  67.2743            69.024
132                  67.2743           69.0014
133                  67.2743            68.981
134                  67.2743           68.9446
135                  67.2743           68.9942
136                  67.2743           68.9427
137                  67.2743           68.8676
138                  67.2743           68.8523
139                  67.2743           69.1568
140                  67.2743           68.8032
141                  67.2743           69.1679
142                  67.2743           69.0092
143                  67.2743           69.1652
144                  67.2743           69.0243
145                  67.2743           69.1109
146                  67.2743           69.0616
147                  67.2743           68.8926
148                  67.2743           68.9993
149                  67.2743           69.0416
150                  67.2743           68.9175
151                  67.2743            68.939
152                  67.2743           68.9667
153                  67.2743           69.0107
154                  67.2743           69.0852
155                  67.2743           69.0056
156                  67.2743           69.0062
157                  67.2743           68.9912
158                  67.2743           68.9761
159                  67.2743           68.9355
160                  66.5813           68.9088
161                  66.5813           69.0572
162                  66.5708           68.8967
163                  66.5708           68.4008
164                  66.5708           68.2578
165                  66.5708           68.2992
166                  66.5708           68.4255
167                  66.5708           68.5492
168                  66.5708           68.3967
169                  66.5708            68.252
170                  66.5708           68.4759
171                  66.5708           68.3053
172                  66.5708           68.0756
173                  66.5708           68.3268
174                  66.5708           68.4098
175                  66.5708            68.153
176                  66.5708           68.3061
177                  66.5708           68.0997
178                  66.5708           68.2215
179                  66.5708           68.1637
180                  65.6599           68.3871
181                  65.5222           68.3931
182                  65.5222           67.6391
183                  65.5222           67.6213
184                  65.5222           67.4385
185                  65.5222           67.3236
186                  65.5222           67.2045
187                  65.4696            67.047
188                  65.4696           67.2079
189                  65.4696           67.2899
190                  65.4696           67.3536
191                  65.4696           67.4059
192                  65.4696           67.2653
193                  65.4696           67.2604
194                  65.4696           67.3547
195                  65.4696           67.2578
196                  65.4696           67.2036
197                  65.4696           67.2241
198                  65.4696           67.5135
199                  65.4696           67.0159
200                  65.4696           67.2475
201                  65.4696           67.1478
202                  65.4696           67.1303
203                  65.4696           67.2212
204                  65.4696           67.1147
205                  65.4696           67.2293
206                  65.4696           67.0642
207                  65.4696           67.0708
208                  65.4696           67.0598
209                  65.4696           67.1597
210                  65.4696           67.1787
211                  65.4696           67.1522
212                  65.4696           67.1958
213                  65.4696             67.34
214                  65.4696           67.1214
215                  65.4696           67.0067
216                  65.4696           67.1076
217                  65.4696           67.1579
218                  65.4696           67.1543
219                  65.4696           67.2196
220                  65.4696            67.179
221                  65.4696           67.2268
222                  65.4696           67.2452
223                  65.4696           67.1578
224                  65.4696           67.2191
225                  65.4696           67.3355
226                  65.4696            67.065
227                  65.4696           67.2328
228                  65.4696           67.1943
229                  65.4696           67.0718
230                  65.4696           67.2147
231                  65.4696           67.3016
232                  65.4696           67.3805
233                  65.4696           67.3995
234                  65.4696           67.1872
235                  65.4696           67.1822
236                  65.4696           66.8711
237                  65.4696           67.0842
238                  65.4696           67.2764
239                  65.4696           67.1026
240                  65.4696           67.2648
241                  65.4696           67.1331
242                  65.4696           66.9413
243                  65.4696           67.2441
244                  65.4696           67.2432
245                  65.4696           67.0566
246                  65.4696           67.1953
247                  65.4696           67.2155
248                  65.4696           67.2812
249                  65.4696           67.4606
250                  65.4696           67.1918
251                  65.4696           67.2384
252                  65.4696           67.1369
253                  65.4696            67.214
254                  65.4696           67.2545
255                  65.4696           67.3699
256                  65.4696            67.404
257                  65.4696           67.0231
258                  65.4696           67.2657
259                  65.4696           67.3057
260                  65.4696           67.1084
261                  65.4696           67.1498
262                  65.4696           67.1757
263                  65.4696           67.1394
264                  65.4696           67.3093
265                  65.4696           67.2941
266                  65.4696           67.1647
267                  65.4696           67.1197
268                  65.4696           67.0805
269                  65.4696           67.1801
270                  65.4696           67.0997
271                  65.4696           67.2205
272                  65.4696           67.1617
273                  65.4696            67.101
274                  65.4696           67.1552
275                  65.4696           67.1334
276                  65.4696           67.2065
277                  65.4696           67.1353
278                  65.4696           67.1837
279                  65.4696           67.2284
280                  65.4696           67.3139
281                  65.4696            67.258
282                  65.4696           67.2608
283                  65.4696           67.4677
284                  65.4696           67.2204
285                  65.4696           67.1618
286                  65.4696           67.1172
287                  65.4696           67.1858
288                  65.4696           67.2781
289                  65.4696           66.8605
290                  65.4696           67.1072
291                  65.4696           67.1342
292                  65.4696           67.0836
293                  65.4696           67.0205
294                  65.4696            66.965
295                  65.4696             66.95
296                  65.4696           67.1851
297                  65.4696           67.0675
298                  65.4696           67.2911
299                  65.4696           67.1131
300                  65.4696           67.2179
301                  65.4696           67.1535
302                  65.4696           67.3247
303                  65.4696           67.1998
304                  65.4696           67.2471
305                  65.4696           67.2889
306                  65.4696           67.3184
307                  65.4696           67.1941
308                  65.4696           67.2421
309                  65.4696           67.1625
310                  65.4696           67.2444
311                  65.4696           67.3623
312                  65.4696           67.4183
313                  65.4696           67.3411
314                  65.4696           67.2017
315                  65.4696            67.124
316                  65.4696           67.3175
317                  65.4696            67.112
318                  65.4696           67.1185
319                  65.4696           67.0091
320                  65.4696            67.139
321                  65.4696           67.0107
322                  65.4696           67.2885
323                  65.4696            67.234
324                  65.4696           67.1369
325                  65.4696           67.1657
326                  65.4696           67.2801
327                  65.4696           67.3912
328                  65.4696            67.304
329                  65.4696           67.1851
330                  65.4696           67.3167
331                  65.4696           67.0623
332                  65.4696           67.0769
333                  65.4696           67.0189
334                  65.4696           67.1184
335                  65.4696           67.1019
336                  65.4696           67.2852
337                  65.4696           67.4585
338                  65.4696           67.2698
339                  65.4696           67.2578
340                  65.4696            67.302
341                  65.4696           67.2307
342                  65.4696           67.2435
343                  65.4696           67.2421
344                  65.4696           67.3347
345                  65.4696           67.2788
346                  65.4696           67.3257
347                  65.4696           67.0915
348                  65.4696           67.1899
349                  65.4696            67.148
350                  65.4696            67.071
351                  65.4696            67.275
352                  65.4696           67.4029
353                  65.4696           67.1018
354                  65.4696           67.0241
355                  65.4696           67.1248
356                  65.4696           67.2236
357                  65.4696           67.0796
358                  65.4696           67.0356
359                  65.4696           67.1972
360                  65.2615           67.0608
361                  65.2615           67.0658
362                  65.2615           67.0265
363                  65.2615           67.0746
364                  65.2615           67.0367
365                  65.2615           66.9117
366                  65.2615           66.9804
367                  65.2615           67.0006
368                  65.2615           67.0419
369                  65.2615           66.9477
370                  65.2615            66.887
371                  65.2615           67.1181
372                  65.2615            67.165
373                  65.2615           67.3742
374                  65.2615           67.0187
375                  65.2615           67.0462
376                  65.2615           66.9884
377                  65.2615           67.0762
378                  65.2615           66.9941
379                  65.2615           67.1196
380                  65.2615            67.172
381                  65.2615           66.9988
382                  65.2615           66.9194
383                  65.2615           66.7387
384                  65.2615           66.8535
385                  65.2615           67.0059
386                  65.2615           67.0334
387                  65.2615           67.0044
388                  65.2615           67.1037
389                  65.2615           67.0321
390                  65.2615           66.9378
391                  65.2615           66.9958
392                  65.2615            66.993
393                  65.2615           67.0569
394                  65.2615           67.0455
395                  65.2615           67.0256
396                  65.2615           66.9997
397                  65.2615           66.9568
398                  65.2615           67.0526
399                  65.2615           66.9775
400                  65.2615           67.1089
401                  65.2615           67.1487
402                  65.2615           66.9157
403                  65.2615           66.9906
404                  65.2615            67.154
405                  65.2615           67.0947
406                  65.2615           67.1077
407                  65.2615           66.9826
408                  65.2615           67.0578
409                  65.2615           66.8937
410                  65.2615           66.8968
411                  65.2615           66.8156
412                  65.2615           66.9143
413                  65.2615           67.0018
414                  65.2615           66.7826
415                  65.2615           66.9279
416                  65.2615           67.0498
417                  65.2615           67.1095
418                  65.2615           66.8889
419                  65.2615           66.8222
420                  65.2615           67.1217
421                  65.2615           67.1288
422                  65.2615           67.0243
423                  65.2615           66.9481
424                  65.2615            66.909
425                  65.2615           67.3239
426                  65.2615           66.9918
427                  65.2615           66.9299
428                  65.2615           66.8142
429                  65.2615           67.0136
430                  65.2615           66.9092
431                  65.2615           66.9363
432                  65.2615           66.8435
433                  65.2615           66.8924
434                  65.2615           67.1322
435                  65.2615           66.9234
436                  65.2615           66.9392
437                  65.2615           67.0065
438                  65.2615           66.9692
439                  65.2615           67.0288
440                  65.2615           67.0773
441                  65.2615           67.0279
442                  65.2615           66.9427
443                  65.2615           66.8192
444                  65.2615           66.8883
445                  65.2615           66.8594
446                  65.2615           66.8691
447                  65.2615           67.1893
448                  65.2615           67.1224
449                  65.2615            67.074
450                  65.2615           67.0489
451                  65.2615           66.9705
452                  65.2615           67.0517
453                  65.2615           66.9751
454                  65.2615             67.07
455                  65.2615            66.912
456                  65.2615           67.0254
457                  65.2615           67.0496
458                  65.2615           67.1295
459                  65.2615           67.0996
460                  65.2615           66.8152
461                  65.2615           66.8687
462                  65.2615             66.92
463                  65.2615            66.947
464                  65.2615           66.7825
465                  65.2615           66.8928
466                  65.2615           67.0525
467                  65.2615           67.2623
468                  65.2615           67.0521
469                  65.2615            66.885
470                  65.2615           66.8622
471                  65.2615            66.975
472                  65.2615           67.0041
473                  65.2615           67.0654
474                  65.2615           67.1505
475                  65.2615           67.1172
476                  65.2615           67.1856
477                  65.2615             67.09
478                  65.2615           67.1407
479                  65.2615           67.1224
480                  65.2615           66.7919
481                  65.2615           66.7834
482                  65.2615           66.6764
483                  65.2615           66.8304
484                  65.2615           66.8751
485                  65.2615           66.9049
486                  65.2615           66.8739
487                  65.2615           67.0132
488                  65.2615           67.1027
489                  65.2615           66.9673
490                  65.2615            66.878
491                  65.2615           67.0866
492                  65.2615           67.0596
493                  65.2615             67.06
494                  65.2615           66.9558
495                  65.2615           67.0528
496                  65.2615           67.1515
497                  65.2615           66.9814
498                  65.2615           67.1255
499                  65.2615           67.2963
