0                  383.755           441.318
1                  370.542           398.174
2                  349.427            380.49
3                  325.944           362.826
4                  306.868           340.701
5                  294.761           318.722
6                  285.338           303.675
7                  273.491             292.1
8                  265.314            283.06
9                  256.252           276.808
10                  245.873           266.809
11                  230.889            254.15
12                   221.14           241.414
13                  208.097           229.297
14                  200.947           218.227
15                  194.925           207.829
16                  189.392           202.243
17                  184.148           196.046
18                   177.01           192.893
19                  172.654           188.228
20                  169.755           181.904
21                  166.338           175.774
22                  161.811           171.893
23                  156.937           168.204
24                  154.537           162.921
25                  152.014           159.178
26                  149.418           156.804
27                  146.238           154.937
28                  142.768           151.913
29                  139.225             148.1
30                  136.205            145.21
31                  133.299           140.615
32                  131.598           136.952
33                   128.97           135.045
34                  125.856            135.61
35                   123.95           133.008
36                  121.321           128.622
37                  120.261           127.812
38                  119.721           126.408
39                  117.168           124.146
40                  115.266           122.635
41                  113.524           122.531
42                  112.413           119.876
43                  110.994           116.873
44                  108.909           115.013
45                  107.925           113.349
46                  107.094           111.543
47                  106.329           114.175
48                  104.641           113.945
49                  102.865           110.452
50                  101.628           107.453
51                  100.213           105.724
52                  98.9443             104.2
53                   98.171           102.765
54                  97.7065           103.974
55                  95.8952           103.566
56                  95.0747           101.129
57                  93.9969           98.4731
58                  93.5724           102.234
59                  92.9155           100.629
60                   86.614           101.766
61                   86.614           100.314
62                  86.3156            93.823
63                   85.803           89.7241
64                  84.8929           88.4212
65                  84.5053           88.1825
66                  84.1986           87.3166
67                  83.4222           87.4179
68                  81.9836           86.4968
69                  81.7601           85.0673
70                  81.4392           84.1209
71                  80.9633            83.459
72                  80.6947            83.255
73                  80.2287           82.9193
74                   79.735           82.4503
75                  79.2072           82.5566
76                   79.015            82.399
77                  78.8931           81.6329
78                  78.7102           80.7206
79                   78.485           80.6241
80                  75.6911           80.9305
81                  75.6911           85.0684
82                  75.6811           83.2999
83                  75.6234           79.3455
84                  75.3686            77.861
85                  75.0034           77.3956
86                  74.5725           76.9665
87                  74.0338           76.7283
88                  73.8932           76.2152
89                  73.3244           76.0464
90                  73.2948           75.7098
91                    73.24           75.4601
92                  73.0773           75.1959
93                  73.0037           75.0681
94                  72.6637           75.1055
95                  72.6637            74.638
96                  72.1213            74.438
97                  71.3761           74.3729
98                  71.3761           73.7179
99                  71.1122           73.4228
100                  71.1122           73.0818
101                  70.9263            72.905
102                  70.3354           72.8233
103                  70.1994            72.528
104                  70.1994           72.2234
105                  70.1994           71.9928
106                  69.8802           71.9516
107                  69.8802           71.7141
108                  69.8802           71.5931
109                  69.8802           71.6076
110                  68.7639           71.6586
111                  68.7639           71.1527
112                  68.7639           70.6291
113                  68.6609           70.5239
114                  68.6609           70.5666
115                  68.6609           70.4273
116                  68.6609           70.4584
117                  68.6609           70.2298
118                  68.5439            70.354
119                  68.5363           70.3139
120                  68.2401           70.1611
121                  67.5865           70.4743
122                  67.3962           69.9717
123                  67.3962           69.5854
124                  67.3962           69.3213
125                  67.3962           69.1848
126                  67.3962           69.0166
127                  67.3962           69.0966
128                  67.3962            69.031
129                  67.3962           69.2093
130                  67.3962           69.1833
131                  67.3962           69.1628
132                  67.3962           69.0165
133                  67.3962           69.0331
134                  67.3962           69.1563
135                  67.3962           69.0979
136                  67.3962           69.1741
137                  67.3962           69.0882
138                  67.3962           69.1633
139                  67.3962           69.1367
140                  67.2743           69.0405
141                  67.2153           69.4127
142                  67.0897           69.3079
143                  67.0897           68.8029
144                  67.0897           68.8222
145                  67.0897           68.7083
146                  67.0897           68.6828
147                  67.0897           68.7444
148                  67.0897           69.0056
149                  67.0897           68.8187
150                  67.0897           68.7841
151                  67.0897           68.9242
152                  67.0897           68.8828
153                  67.0897           68.7005
154                  67.0897            68.723
155                  67.0897           68.6884
156                  67.0897           68.7306
157                  67.0897           68.8879
158                  67.0897           68.7448
159                  67.0897           68.7281
160                  66.1413            68.861
161                  66.1413            73.119
162                  66.0151           72.5324
163                  66.0151           69.5336
164                  66.0151           68.3057
165                  66.0151           67.8521
166                  66.0151            67.913
167                  66.0151           67.8214
168                  66.0151           67.8247
169                  66.0151           67.7063
170                  66.0151           67.8676
171                  66.0151            67.855
172                  66.0151           67.7358
173                  66.0151           67.9944
174                  66.0151           67.8751
175                  66.0151           72.0966
176                  66.0151           72.3099
177                  66.0151           69.7587
178                  66.0151           68.3527
179                  66.0151             67.88
180                  66.0151           67.8092
181                  66.0151           67.7857
182                  66.0151           67.7479
183                  66.0151           67.6353
184                  66.0151           67.5263
185                  66.0151           67.8699
186                  66.0151           67.8692
187                  66.0151           67.7692
188                  66.0151           67.7845
189                  66.0151           67.8585
190                  66.0151           67.8052
191                  66.0151           67.7851
192                  66.0151            67.655
193                  66.0151           67.6995
194                  66.0151           67.7274
195                  66.0151           67.8324
196                  66.0151           67.7572
197                  66.0151           67.8008
198                  66.0151           67.8842
199                  66.0151           67.6841
200                  65.9885           67.7547
201                  65.9885           67.8424
202                  65.9885           67.8103
203                  65.9885            67.674
204                  65.9885           67.7474
205                  65.9885           67.8224
206                  65.9885           67.6881
207                  65.9885           67.7083
208                  65.9885           67.5272
209                  65.9885            67.623
210                  65.9885           67.7064
211                  65.9885           67.8244
212                  65.9885           67.7598
213                  65.9885           67.8333
214                  65.9885           67.8153
215                  65.9885           67.7496
216                  65.9885           67.8127
217                  65.9885           67.6584
218                  65.9885           67.7458
219                  65.9885           67.7057
220                  65.6599           67.6309
221                  65.6599           67.5175
222                  65.6599           67.3972
223                  65.6599           67.4701
224                  65.6599           67.3664
225                  65.6599           67.3551
226                  65.6599           67.5467
227                  65.6599           67.4424
228                  65.6599           67.2082
229                  65.6599           67.4263
230                  65.6599            67.216
231                  65.6599           67.3631
232                  65.6599           67.4091
233                  65.6599           67.1969
234                  65.6599           67.3019
235                  65.6599           67.4587
236                  65.6599           67.3642
237                  65.6599           67.2059
238                  65.6599           67.3257
239                  65.6599           67.2363
240                  65.4696           67.2691
241                  65.4696           67.3098
242                  65.4696           67.3355
243                  65.4696           67.0981
244                  65.4696           67.1215
245                  65.4696           67.0461
246                  65.4696             67.11
247                  65.4696           67.2078
248                  65.4696           67.2495
249                  65.4696           67.0795
250                  65.4696           67.2137
251                  65.4696           67.0913
252                  65.4696           67.2024
253                  65.4696           67.1165
254                  65.4696           67.2541
255                  65.4696           67.1445
256                  65.4696           67.1957
257                  65.4696           67.2671
258                  65.4696           67.1606
259                  65.4696           67.1526
260                  65.4696           67.0249
261                  65.4696           67.1573
262                  65.4696           67.2554
263                  65.4696           67.2263
264                  65.4696           67.2426
265                  65.4696           67.3682
266                  65.4696           67.1737
267                  65.4696           67.1292
268                  65.4696           67.0994
269                  65.4696           67.1148
270                  65.4696           67.2533
271                  65.4696           67.2263
272                  65.4696            67.196
273                  65.4696           67.4578
274                  65.4696           67.3509
275                  65.4696           67.2184
276                  65.4696           67.2569
277                  65.4696           67.1528
278                  65.4696           67.1138
279                  65.4696           67.2393
280                  65.4696           67.1542
281                  65.4696           66.9936
282                  65.4696           67.1048
283                  65.4696           67.2844
284                  65.4696           67.3504
285                  65.4696           67.1977
286                  65.4696           67.0266
287                  65.4696           67.2818
288                  65.4696           67.4239
289                  65.4696           67.2411
290                  65.4696           67.3074
291                  65.4696           67.3593
292                  65.4696           67.2063
293                  65.4696           67.2008
294                  65.4696           67.1665
295                  65.4696           66.9884
296                  65.4696           67.1412
297                  65.4696           67.2623
298                  65.4696           67.2532
299                  65.4696           67.1061
300                  65.4696           67.2863
301                  65.4696           67.1931
302                  65.4696           67.3781
303                  65.4696           67.2818
304                  65.4696           66.9659
305                  65.4696           67.0502
306                  65.4696           67.1382
307                  65.4696           67.3193
308                  65.4696           67.1115
309                  65.4696           67.0374
310                  65.4696           67.1454
311                  65.4696           67.1509
312                  65.4696            67.217
313                  65.4696           67.1654
314                  65.4696           67.1543
315                  65.4696           67.1244
316                  65.4696           67.3267
317                  65.4696           67.1005
318                  65.4696           67.1659
319                  65.4696           67.3426
320                  65.4696           67.3323
321                  65.4696           67.2555
322                  65.4696           67.0571
323                  65.4696           67.1542
324                  65.4696           67.2798
325                  65.4696           67.1469
326                  65.4696           67.0351
327                  65.4696           67.1706
328                  65.4696           67.0897
329                  65.4696           67.0543
330                  65.4696           67.1813
331                  65.4696           67.0973
332                  65.4696           67.0464
333                  65.4696           67.1338
334                  65.4696           67.0664
335                  65.4696           67.0301
336                  65.4696           67.0628
337                  65.4696           66.9501
338                  65.4696           67.0605
339                  65.4696           67.0767
340                  65.2615           67.1061
341                  65.2615           67.1749
342                  65.2615           66.9281
343                  65.2615           66.9678
344                  65.2615           66.9546
345                  65.2615           66.9213
346                  65.2615           67.1423
347                  65.2615           67.0346
348                  65.2615           66.8983
349                  65.2615           67.0974
350                  65.2615           66.8567
351                  65.2615           67.1302
352                  65.2615           66.9524
353                  65.2615           66.9291
354                  65.2615           66.8397
355                  65.2615           66.8154
356                  65.2615           66.9817
357                  65.2615           67.0747
358                  65.2615           67.2102
359                  65.2615           67.2342
360                  65.2615           67.0688
361                  65.2615           67.0379
362                  65.2615           67.1027
363                  65.2615           67.0124
364                  65.2615           67.0413
365                  65.2615           67.0363
366                  65.2615           67.0123
367                  65.2615           67.1628
368                  65.2615           67.0554
369                  65.2615           66.9014
370                  65.2615           66.9961
371                  65.2615           67.1073
372                  65.2615           67.0682
373                  65.2615           66.9855
374                  65.2615           66.9611
375                  65.2615           66.8924
376                  65.2615           67.0093
377                  65.2615           67.0389
378                  65.2615            67.097
379                  65.2615           67.0798
380                  65.2615           66.9336
381                  65.2615            67.003
382                  65.2615            67.105
383                  65.2615           66.8971
384                  65.2615           66.8994
385                  65.2615            66.877
386                  65.2615           66.9791
387                  65.2615           67.0147
388                  65.2615           66.9839
389                  65.2615           66.8967
390                  65.2615           66.7989
391                  65.2615           67.0358
392                  65.2615           67.0489
393                  65.2615           66.7713
394                  65.2615            66.689
395                  65.2615           66.9054
396                  65.2615           66.9717
397                  65.2615           67.1574
398                  65.2615           66.9079
399                  65.2615           67.1818
400                  65.2615           67.1486
401                  65.2615           67.0281
402                  65.2615           66.9811
403                  65.2615           67.0079
404                  65.2615           66.9913
405                  65.2615             66.93
406                  65.2615           67.0704
407                  65.2615           67.1926
408                  65.2615           66.9489
409                  65.2615           66.9879
410                  65.2615           67.0536
411                  65.2615           67.1639
412                  65.2615           67.0014
413                  65.2615           66.8839
414                  65.2615           67.0749
415                  65.2615           67.1815
416                  65.2615           67.2456
417                  65.2615           66.9694
418                  65.2615           66.9212
419                  65.2615           67.1339
420                  65.2615           67.0803
421                  65.2615           67.1332
422                  65.2615           67.0179
423                  65.2615           66.9324
424                  65.2615           66.8837
425                  65.2615            67.125
426                  65.2615           66.8486
427                  65.2615           66.9545
428                  65.2615            67.011
429                  65.2615           67.0767
430                  65.2615           67.1977
431                  65.2615           66.9874
432                  65.2615            67.001
433                  65.2615           67.0672
434                  65.2615           67.0723
435                  65.2615           67.1245
436                  65.2615            66.989
437                  65.2615           66.9146
438                  65.2615           66.8899
439                  65.2615           67.0253
440                  65.2615            67.032
441                  65.2615           66.8663
442                  65.2615           66.9021
443                  65.2615           66.9158
444                  65.2615           67.0564
445                  65.2615           66.9428
446                  65.2615           66.9943
447                  65.2615           67.0258
448                  65.2615           67.0262
449                  65.2615           66.8791
450                  65.2615           66.9288
451                  65.2615           66.9635
452                  65.2615           66.9126
453                  65.2615           67.1147
454                  65.2615           67.1893
455                  65.2615           67.0496
456                  65.2615            67.135
457                  65.2615            67.094
458                  65.2615           66.9684
459                  65.2615           67.2294
460                  65.2615           67.2724
461                  65.2615           67.2253
462                  65.2615           66.8937
463                  65.2615           66.9469
464                  65.2615           67.1141
465                  65.2615           67.1257
466                  65.2615           66.9518
467                  65.2615           67.1306
468                  65.2615           67.0194
469                  65.2615           66.9297
470                  65.2615           66.8001
471                  65.2615           66.9931
472                  65.2615           67.0917
473                  65.2615           67.0049
474                  65.2615           67.0535
475                  65.2615           66.7356
476                  65.2615           66.9352
477                  65.2615           67.0805
478                  65.2615            66.936
479                  65.2615           66.9895
480                  65.2615           67.1444
481                  65.2615           67.1442
482                  65.2615           67.0594
483                  65.2615           67.0105
484                  65.2615            66.973
485                  65.2615           66.9701
486                  65.2615           67.0162
487                  65.2615           66.9298
488                  65.2615           67.1753
489                  65.2615           67.2533
490                  65.2615           67.1557
491                  65.2615           67.0274
492                  65.2615           67.1035
493                  65.2615           67.0946
494                  65.2615           66.9947
495                  65.2615           67.0362
496                  65.2615           66.8887
497                  65.2615           66.8903
498                  65.2615           67.1477
499                  65.2615           66.9785
